-9.553564 -0.087329 -0.640015 
 -9.549975 -0.095703 -0.622070 
 -9.549975 -0.095703 -0.622070 
 -9.560742 -0.093311 -0.651978 
 -9.560742 -0.093311 -0.651978 
 -9.565527 -0.100488 -0.662744 
 -9.565527 -0.100488 -0.662744 
 -9.560742 -0.110059 -0.636426 
 -9.560742 -0.110059 -0.636426 
 -9.554761 -0.090918 -0.657959 
 -9.554761 -0.090918 -0.657959 
 -9.555957 -0.114844 -0.642407 
 -9.555957 -0.114844 -0.642407 
 -9.560742 -0.111255 -0.631641 
 -9.560742 -0.111255 -0.631641 
 -9.566724 -0.100488 -0.648389 
 -9.566724 -0.100488 -0.648389 
 -9.555957 -0.088525 -0.613696 
 -9.555957 -0.088525 -0.613696 
 -9.532031 -0.074170 -0.635229 
 -9.532031 -0.074170 -0.635229 
 -9.559546 -0.084937 -0.623267 
 -9.559546 -0.084937 -0.623267 
 -9.545191 -0.107666 -0.640015 
 -9.545191 -0.107666 -0.640015 
 -9.538013 -0.078955 -0.602930 
 -9.538013 -0.078955 -0.602930 
 -9.554761 -0.075366 -0.628052 
 -9.554761 -0.075366 -0.628052 
 -9.554761 -0.099292 -0.647192 
 -9.554761 -0.099292 -0.647192 
 -9.552368 -0.087329 -0.620874 
 -9.552368 -0.087329 -0.620874 
 -9.555957 -0.098096 -0.618481 
 -9.555957 -0.098096 -0.618481 
 -9.560742 -0.102881 -0.614893 
 -9.560742 -0.102881 -0.614893 
 -9.539209 -0.102881 -0.649585 
 -9.539209 -0.102881 -0.649585 
 -9.542798 -0.112451 -0.659155 
 -9.542798 -0.112451 -0.659155 
 -9.542798 -0.088525 -0.672314 
 -9.542798 -0.088525 -0.672314 
 -9.541601 -0.110059 -0.625659 
 -9.541601 -0.110059 -0.625659 
 -9.539209 -0.106470 -0.635229 
 -9.539209 -0.106470 -0.635229 
 -9.530835 -0.084937 -0.620874 
 -9.530835 -0.084937 -0.620874 
 -9.557154 -0.110059 -0.657959 
 -9.557154 -0.110059 -0.657959 
 -9.540405 -0.098096 -0.631641 
 -9.540405 -0.098096 -0.631641 
 -9.549975 -0.089722 -0.608911 
 -9.549975 -0.089722 -0.608911 
 -9.564331 -0.078955 -0.638818 
 -9.564331 -0.078955 -0.638818 
 -9.552368 -0.093311 -0.638818 
 -9.552368 -0.093311 -0.638818 
 -9.559546 -0.094507 -0.638818 
 -9.559546 -0.094507 -0.638818 
 -9.547583 -0.096899 -0.613696 
 -9.547583 -0.096899 -0.613696 
 -9.540405 -0.110059 -0.659155 
 -9.540405 -0.110059 -0.659155 
 -9.555957 -0.096899 -0.636426 
 -9.555957 -0.096899 -0.636426 
 -9.551172 -0.088525 -0.642407 
 -9.551172 -0.088525 -0.642407 
 -9.553564 -0.104077 -0.630444 
 -9.553564 -0.104077 -0.630444 
 -9.553564 -0.098096 -0.649585 
 -9.553564 -0.098096 -0.649585 
 -9.539209 -0.101685 -0.616089 
 -9.539209 -0.101685 -0.616089 
 -9.538013 -0.088525 -0.635229 
 -9.538013 -0.088525 -0.635229 
 -9.548779 -0.099292 -0.614893 
 -9.548779 -0.099292 -0.614893 
 -9.551172 -0.093311 -0.626855 
 -9.551172 -0.093311 -0.626855 
 -9.551172 -0.100488 -0.629248 
 -9.551172 -0.100488 -0.629248 
 -9.555957 -0.090918 -0.642407 
 -9.555957 -0.090918 -0.642407 
 -9.552368 -0.110059 -0.640015 
 -9.552368 -0.110059 -0.640015 
 -9.551172 -0.107666 -0.640015 
 -9.551172 -0.107666 -0.640015 
 -9.543994 -0.117236 -0.617285 
 -9.543994 -0.117236 -0.617285 
 -9.549975 -0.116040 -0.606519 
 -9.549975 -0.116040 -0.606519 
 -9.553564 -0.129199 -0.657959 
 -9.553564 -0.129199 -0.657959 
 -9.541601 -0.077759 -0.629248 
 -9.541601 -0.077759 -0.629248 
 -9.560742 -0.108862 -0.643604 
 -9.560742 -0.108862 -0.643604 
 -9.541601 -0.094507 -0.623267 
 -9.541601 -0.094507 -0.623267 
 -9.542798 -0.106470 -0.622070 
 -9.542798 -0.106470 -0.622070 
 -9.561938 -0.095703 -0.653174 
 -9.561938 -0.095703 -0.653174 
 -9.552368 -0.100488 -0.644800 
 -9.552368 -0.100488 -0.644800 
 -9.535620 -0.114844 -0.635229 
 -9.535620 -0.114844 -0.635229 
 -9.539209 -0.116040 -0.624463 
 -9.539209 -0.116040 -0.624463 
 -9.542798 -0.094507 -0.645996 
 -9.542798 -0.094507 -0.645996 
 -9.541601 -0.098096 -0.636426 
 -9.541601 -0.098096 -0.636426 
 -9.547583 -0.104077 -0.630444 
 -9.547583 -0.104077 -0.630444 
 -9.558350 -0.108862 -0.638818 
 -9.558350 -0.108862 -0.638818 
 -9.554761 -0.110059 -0.632837 
 -9.554761 -0.110059 -0.632837 
 -9.549975 -0.101685 -0.631641 
 -9.549975 -0.101685 -0.631641 
 -9.541601 -0.106470 -0.637622 
 -9.541601 -0.106470 -0.637622 
 -9.553564 -0.098096 -0.636426 
 -9.553564 -0.098096 -0.636426 
 -9.566724 -0.104077 -0.631641 
 -9.566724 -0.104077 -0.631641 
 -9.553564 -0.110059 -0.616089 
 -9.553564 -0.110059 -0.616089 
 -9.549975 -0.084937 -0.653174 
 -9.549975 -0.084937 -0.653174 
 -9.555957 -0.099292 -0.628052 
 -9.555957 -0.099292 -0.628052 
 -9.535620 -0.081348 -0.616089 
 -9.535620 -0.081348 -0.616089 
 -9.533228 -0.113647 -0.642407 
 -9.533228 -0.113647 -0.642407 
 -9.524854 -0.112451 -0.624463 
 -9.524854 -0.112451 -0.624463 
 -9.561938 -0.090918 -0.607715 
 -9.561938 -0.090918 -0.607715 
 -9.557154 -0.108862 -0.643604 
 -9.557154 -0.108862 -0.643604 
 -9.545191 -0.112451 -0.623267 
 -9.545191 -0.112451 -0.623267 
 -9.548779 -0.101685 -0.632837 
 -9.548779 -0.101685 -0.632837 
 -9.541601 -0.107666 -0.619678 
 -9.541601 -0.107666 -0.619678 
 -9.548779 -0.098096 -0.620874 
 -9.548779 -0.098096 -0.620874 
 -9.530835 -0.092114 -0.644800 
 -9.530835 -0.092114 -0.644800 
 -9.554761 -0.102881 -0.632837 
 -9.554761 -0.102881 -0.632837 
 -9.540405 -0.098096 -0.623267 
 -9.540405 -0.098096 -0.623267 
 -9.547583 -0.092114 -0.636426 
 -9.547583 -0.092114 -0.636426 
 -9.553564 -0.101685 -0.618481 
 -9.553564 -0.101685 -0.618481 
 -9.551172 -0.105273 -0.641211 
 -9.551172 -0.105273 -0.641211 
 -9.560742 -0.099292 -0.629248 
 -9.560742 -0.099292 -0.629248 
 -9.548779 -0.110059 -0.629248 
 -9.548779 -0.110059 -0.629248 
 -9.561938 -0.070581 -0.636426 
 -9.561938 -0.070581 -0.636426 
 -9.551172 -0.095703 -0.617285 
 -9.551172 -0.095703 -0.617285 
 -9.540405 -0.110059 -0.584985 
 -9.540405 -0.110059 -0.584985 
 -9.551172 -0.095703 -0.650781 
 -9.551172 -0.095703 -0.650781 
 -9.553564 -0.088525 -0.613696 
 -9.553564 -0.088525 -0.613696 
 -9.528442 -0.107666 -0.613696 
 -9.528442 -0.107666 -0.613696 
 -9.567920 -0.108862 -0.622070 
 -9.567920 -0.108862 -0.622070 
 -9.565527 -0.108862 -0.636426 
 -9.565527 -0.108862 -0.636426 
 -9.534424 -0.123218 -0.593359 
 -9.534424 -0.123218 -0.593359 
 -9.552368 -0.088525 -0.643604 
 -9.552368 -0.088525 -0.643604 
 -9.557154 -0.082544 -0.629248 
 -9.557154 -0.082544 -0.629248 
 -9.535620 -0.096899 -0.611304 
 -9.535620 -0.096899 -0.611304 
 -9.557154 -0.111255 -0.624463 
 -9.557154 -0.111255 -0.624463 
 -9.569117 -0.088525 -0.626855 
 -9.569117 -0.088525 -0.626855 
 -9.552368 -0.078955 -0.669922 
 -9.552368 -0.078955 -0.669922 
 -9.542798 -0.099292 -0.626855 
 -9.542798 -0.099292 -0.626855 
 -9.548779 -0.112451 -0.640015 
 -9.548779 -0.112451 -0.640015 
 -9.543994 -0.093311 -0.620874 
 -9.543994 -0.093311 -0.620874 
 -9.541601 -0.106470 -0.600537 
 -9.541601 -0.106470 -0.600537 
 -9.523657 -0.090918 -0.628052 
 -9.523657 -0.090918 -0.628052 
 -9.558350 -0.094507 -0.657959 
 -9.558350 -0.094507 -0.657959 
 -9.558350 -0.078955 -0.630444 
 -9.558350 -0.078955 -0.630444 
 -9.564331 -0.096899 -0.634033 
 -9.564331 -0.096899 -0.634033 
 -9.542798 -0.081348 -0.637622 
 -9.542798 -0.081348 -0.637622 
 -9.546387 -0.086133 -0.631641 
 -9.546387 -0.086133 -0.631641 
 -9.546387 -0.098096 -0.651978 
 -9.546387 -0.098096 -0.651978 
 -9.569117 -0.100488 -0.631641 
 -9.569117 -0.100488 -0.631641 
 -9.555957 -0.099292 -0.613696 
 -9.555957 -0.099292 -0.613696 
 -9.555957 -0.078955 -0.626855 
 -9.555957 -0.078955 -0.626855 
 -9.540405 -0.102881 -0.640015 
 -9.540405 -0.102881 -0.640015 
 -9.540405 -0.078955 -0.614893 
 -9.540405 -0.078955 -0.614893 
 -9.565527 -0.089722 -0.610107 
 -9.565527 -0.089722 -0.610107 
 -9.545191 -0.099292 -0.608911 
 -9.545191 -0.099292 -0.608911 
 -9.549975 -0.107666 -0.596948 
 -9.549975 -0.107666 -0.596948 
 -9.542798 -0.081348 -0.644800 
 -9.542798 -0.081348 -0.644800 
 -9.534424 -0.089722 -0.637622 
 -9.534424 -0.089722 -0.637622 
 -9.549975 -0.083740 -0.616089 
 -9.549975 -0.083740 -0.616089 
 -9.559546 -0.094507 -0.641211 
 -9.559546 -0.094507 -0.641211 
 -9.561938 -0.094507 -0.654370 
 -9.561938 -0.094507 -0.654370 
 -9.557154 -0.104077 -0.617285 
 -9.557154 -0.104077 -0.617285 
 -9.542798 -0.113647 -0.618481 
 -9.542798 -0.113647 -0.618481 
 -9.554761 -0.096899 -0.634033 
 -9.554761 -0.096899 -0.634033 
 -9.551172 -0.100488 -0.632837 
 -9.551172 -0.100488 -0.632837 
 -9.549975 -0.102881 -0.625659 
 -9.549975 -0.102881 -0.625659 
 -9.554761 -0.095703 -0.645996 
 -9.554761 -0.095703 -0.645996 
 -9.557154 -0.102881 -0.640015 
 -9.557154 -0.102881 -0.640015 
 -9.552368 -0.087329 -0.651978 
 -9.552368 -0.087329 -0.651978 
 -9.524854 -0.106470 -0.628052 
 -9.524854 -0.106470 -0.628052 
 -9.540405 -0.101685 -0.635229 
 -9.540405 -0.101685 -0.635229 
 -9.536817 -0.093311 -0.632837 
 -9.536817 -0.093311 -0.632837 
 -9.551172 -0.075366 -0.622070 
 -9.551172 -0.075366 -0.622070 
 -9.534424 -0.101685 -0.636426 
 -9.534424 -0.101685 -0.636426 
 -9.551172 -0.098096 -0.624463 
 -9.551172 -0.098096 -0.624463 
 -9.549975 -0.088525 -0.644800 
 -9.549975 -0.088525 -0.644800 
 -9.548779 -0.093311 -0.653174 
 -9.548779 -0.093311 -0.653174 
 -9.545191 -0.090918 -0.650781 
 -9.545191 -0.090918 -0.650781 
 -9.558350 -0.090918 -0.622070 
 -9.558350 -0.090918 -0.622070 
 -9.577490 -0.089722 -0.638818 
 -9.577490 -0.089722 -0.638818 
 -9.559546 -0.112451 -0.594556 
 -9.559546 -0.112451 -0.594556 
 -9.552368 -0.113647 -0.648389 
 -9.552368 -0.113647 -0.648389 
 -9.559546 -0.093311 -0.637622 
 -9.559546 -0.093311 -0.637622 
 -9.539209 -0.107666 -0.624463 
 -9.539209 -0.107666 -0.624463 
 -9.554761 -0.089722 -0.625659 
 -9.554761 -0.089722 -0.625659 
 -9.565527 -0.084937 -0.623267 
 -9.565527 -0.084937 -0.623267 
 -9.539209 -0.105273 -0.593359 
 -9.539209 -0.105273 -0.593359 
 -9.543994 -0.108862 -0.637622 
 -9.543994 -0.108862 -0.637622 
 -9.563135 -0.088525 -0.655566 
 -9.563135 -0.088525 -0.655566 
 -9.570313 -0.093311 -0.644800 
 -9.570313 -0.093311 -0.644800 
 -9.548779 -0.090918 -0.640015 
 -9.548779 -0.090918 -0.640015 
 -9.551172 -0.102881 -0.612500 
 -9.551172 -0.102881 -0.612500 
 -9.547583 -0.088525 -0.642407 
 -9.547583 -0.088525 -0.642407 
 -9.549975 -0.116040 -0.625659 
 -9.549975 -0.116040 -0.625659 
 -9.548779 -0.110059 -0.662744 
 -9.548779 -0.110059 -0.662744 
 -9.566724 -0.104077 -0.635229 
 -9.566724 -0.104077 -0.635229 
 -9.551172 -0.101685 -0.610107 
 -9.551172 -0.101685 -0.610107 
 -9.534424 -0.081348 -0.637622 
 -9.534424 -0.081348 -0.637622 
 -9.543994 -0.087329 -0.628052 
 -9.543994 -0.087329 -0.628052 
 -9.539209 -0.100488 -0.643604 
 -9.539209 -0.100488 -0.643604 
 -9.542798 -0.083740 -0.617285 
 -9.542798 -0.083740 -0.617285 
 -9.557154 -0.080151 -0.624463 
 -9.557154 -0.080151 -0.624463 
 -9.558350 -0.108862 -0.623267 
 -9.558350 -0.108862 -0.623267 
 -9.551172 -0.093311 -0.631641 
 -9.551172 -0.093311 -0.631641 
 -9.559546 -0.098096 -0.625659 
 -9.559546 -0.098096 -0.625659 
 -9.564331 -0.099292 -0.626855 
 -9.564331 -0.099292 -0.626855 
 -9.566724 -0.100488 -0.623267 
 -9.566724 -0.100488 -0.623267 
 -9.570313 -0.093311 -0.634033 
 -9.570313 -0.093311 -0.634033 
 -9.554761 -0.107666 -0.659155 
 -9.554761 -0.107666 -0.659155 
 -9.570313 -0.116040 -0.617285 
 -9.570313 -0.116040 -0.617285 
 -9.547583 -0.108862 -0.580200 
 -9.547583 -0.108862 -0.580200 
 -9.553564 -0.108862 -0.593359 
 -9.553564 -0.108862 -0.593359 
 -9.538013 -0.088525 -0.612500 
 -9.538013 -0.088525 -0.612500 
 -9.563135 -0.101685 -0.645996 
 -9.563135 -0.101685 -0.645996 
 -9.553564 -0.094507 -0.624463 
 -9.553564 -0.094507 -0.624463 
 -9.555957 -0.083740 -0.623267 
 -9.555957 -0.083740 -0.623267 
 -9.546387 -0.106470 -0.574219 
 -9.546387 -0.106470 -0.574219 
 -9.543994 -0.099292 -0.624463 
 -9.543994 -0.099292 -0.624463 
 -9.565527 -0.099292 -0.622070 
 -9.565527 -0.099292 -0.622070 
 -9.558350 -0.089722 -0.613696 
 -9.558350 -0.089722 -0.613696 
 -9.557154 -0.088525 -0.629248 
 -9.557154 -0.088525 -0.629248 
 -9.555957 -0.110059 -0.606519 
 -9.555957 -0.110059 -0.606519 
 -9.561938 -0.110059 -0.616089 
 -9.561938 -0.110059 -0.616089 
 -9.553564 -0.101685 -0.616089 
 -9.553564 -0.101685 -0.616089 
 -9.542798 -0.099292 -0.610107 
 -9.542798 -0.099292 -0.610107 
 -9.560742 -0.096899 -0.629248 
 -9.560742 -0.096899 -0.629248 
 -9.540405 -0.089722 -0.644800 
 -9.540405 -0.089722 -0.644800 
 -9.552368 -0.098096 -0.620874 
 -9.552368 -0.098096 -0.620874 
 -9.543994 -0.098096 -0.662744 
 -9.543994 -0.098096 -0.662744 
 -9.570313 -0.117236 -0.618481 
 -9.570313 -0.117236 -0.618481 
 -9.565527 -0.101685 -0.610107 
 -9.565527 -0.101685 -0.610107 
 -9.542798 -0.100488 -0.618481 
 -9.542798 -0.100488 -0.618481 
 -9.552368 -0.108862 -0.631641 
 -9.552368 -0.108862 -0.631641 
 -9.545191 -0.106470 -0.623267 
 -9.545191 -0.106470 -0.623267 
 -9.535620 -0.100488 -0.619678 
 -9.535620 -0.100488 -0.619678 
 -9.549975 -0.102881 -0.623267 
 -9.549975 -0.102881 -0.623267 
 -9.540405 -0.082544 -0.596948 
 -9.540405 -0.082544 -0.596948 
 -9.547583 -0.088525 -0.604126 
 -9.547583 -0.088525 -0.604126 
 -9.541601 -0.094507 -0.619678 
 -9.541601 -0.094507 -0.619678 
 -9.561938 -0.094507 -0.622070 
 -9.561938 -0.094507 -0.622070 
 -9.554761 -0.084937 -0.620874 
 -9.554761 -0.084937 -0.620874 
 -9.549975 -0.083740 -0.619678 
 -9.549975 -0.083740 -0.619678 
 -9.555957 -0.101685 -0.622070 
 -9.555957 -0.101685 -0.622070 
 -9.538013 -0.104077 -0.600537 
 -9.538013 -0.104077 -0.600537 
 -9.561938 -0.100488 -0.622070 
 -9.561938 -0.100488 -0.622070 
 -9.542798 -0.107666 -0.631641 
 -9.542798 -0.107666 -0.631641 
 -9.530835 -0.095703 -0.624463 
 -9.530835 -0.095703 -0.624463 
 -9.558350 -0.101685 -0.583789 
 -9.558350 -0.101685 -0.583789 
 -9.559546 -0.098096 -0.611304 
 -9.559546 -0.098096 -0.611304 
 -9.534424 -0.102881 -0.600537 
 -9.534424 -0.102881 -0.600537 
 -9.558350 -0.095703 -0.602930 
 -9.558350 -0.095703 -0.602930 
 -9.543994 -0.110059 -0.622070 
 -9.543994 -0.110059 -0.622070 
 -9.549975 -0.088525 -0.616089 
 -9.549975 -0.088525 -0.616089 
 -9.545191 -0.096899 -0.605322 
 -9.545191 -0.096899 -0.605322 
 -9.549975 -0.087329 -0.637622 
 -9.549975 -0.087329 -0.637622 
 -9.551172 -0.105273 -0.631641 
 -9.551172 -0.105273 -0.631641 
 -9.548779 -0.104077 -0.565845 
 -9.548779 -0.104077 -0.565845 
 -9.551172 -0.101685 -0.605322 
 -9.551172 -0.101685 -0.605322 
 -9.552368 -0.093311 -0.610107 
 -9.552368 -0.093311 -0.610107 
 -9.533228 -0.081348 -0.589770 
 -9.533228 -0.081348 -0.589770 
 -9.539209 -0.095703 -0.618481 
 -9.539209 -0.095703 -0.618481 
 -9.547583 -0.086133 -0.588574 
 -9.547583 -0.086133 -0.588574 
 -9.547583 -0.089722 -0.637622 
 -9.547583 -0.089722 -0.637622 
 -9.561938 -0.117236 -0.607715 
 -9.561938 -0.117236 -0.607715 
 -9.538013 -0.108862 -0.618481 
 -9.538013 -0.108862 -0.618481 
 -9.548779 -0.119629 -0.622070 
 -9.548779 -0.119629 -0.622070 
 -9.559546 -0.094507 -0.612500 
 -9.559546 -0.094507 -0.612500 
 -9.559546 -0.095703 -0.626855 
 -9.559546 -0.095703 -0.626855 
 -9.551172 -0.090918 -0.618481 
 -9.551172 -0.090918 -0.618481 
 -9.557154 -0.086133 -0.626855 
 -9.557154 -0.086133 -0.626855 
 -9.551172 -0.113647 -0.635229 
 -9.551172 -0.113647 -0.635229 
 -9.534424 -0.098096 -0.605322 
 -9.534424 -0.098096 -0.605322 
 -9.557154 -0.082544 -0.630444 
 -9.557154 -0.082544 -0.630444 
 -9.558350 -0.093311 -0.630444 
 -9.558350 -0.093311 -0.630444 
 -9.548779 -0.099292 -0.619678 
 -9.548779 -0.099292 -0.619678 
 -9.547583 -0.102881 -0.617285 
 -9.547583 -0.102881 -0.617285 
 -9.560742 -0.101685 -0.604126 
 -9.560742 -0.101685 -0.604126 
 -9.530835 -0.099292 -0.625659 
 -9.530835 -0.099292 -0.625659 
 -9.559546 -0.099292 -0.616089 
 -9.559546 -0.099292 -0.616089 
 -9.543994 -0.090918 -0.626855 
 -9.543994 -0.090918 -0.626855 
 -9.555957 -0.086133 -0.626855 
 -9.555957 -0.086133 -0.626855 
 -9.557154 -0.078955 -0.613696 
 -9.557154 -0.078955 -0.613696 
 -9.555957 -0.118433 -0.593359 
 -9.555957 -0.118433 -0.593359 
 -9.534424 -0.087329 -0.626855 
 -9.534424 -0.087329 -0.626855 
 -9.552368 -0.095703 -0.631641 
 -9.552368 -0.095703 -0.631641 
 -9.545191 -0.086133 -0.635229 
 -9.545191 -0.086133 -0.635229 
 -9.542798 -0.098096 -0.625659 
 -9.542798 -0.098096 -0.625659 
 -9.551172 -0.087329 -0.623267 
 -9.551172 -0.087329 -0.623267 
 -9.557154 -0.110059 -0.622070 
 -9.557154 -0.110059 -0.622070 
 -9.548779 -0.110059 -0.643604 
 -9.548779 -0.110059 -0.643604 
 -9.545191 -0.084937 -0.630444 
 -9.545191 -0.084937 -0.630444 
 -9.551172 -0.106470 -0.607715 
 -9.551172 -0.106470 -0.607715 
 -9.539209 -0.096899 -0.661548 
 -9.539209 -0.096899 -0.661548 
 -9.543994 -0.101685 -0.637622 
 -9.543994 -0.101685 -0.637622 
 -9.559546 -0.095703 -0.595752 
 -9.559546 -0.095703 -0.595752 
 -9.560742 -0.096899 -0.618481 
 -9.560742 -0.096899 -0.618481 
 -9.542798 -0.090918 -0.660352 
 -9.542798 -0.090918 -0.660352 
 -9.563135 -0.107666 -0.626855 
 -9.563135 -0.107666 -0.626855 
 -9.534424 -0.094507 -0.629248 
 -9.534424 -0.094507 -0.629248 
 -9.564331 -0.119629 -0.606519 
 -9.564331 -0.119629 -0.606519 
 -9.552368 -0.084937 -0.625659 
 -9.552368 -0.084937 -0.625659 
 -9.569117 -0.104077 -0.626855 
 -9.569117 -0.104077 -0.626855 
 -9.559546 -0.083740 -0.644800 
 -9.559546 -0.083740 -0.644800 
 -9.547583 -0.106470 -0.629248 
 -9.547583 -0.106470 -0.629248 
 -9.561938 -0.104077 -0.642407 
 -9.561938 -0.104077 -0.642407 
 -9.542798 -0.074170 -0.626855 
 -9.542798 -0.074170 -0.626855 
 -9.593042 -0.095703 -0.614893 
 -9.593042 -0.095703 -0.614893 
 -9.547583 -0.096899 -0.644800 
 -9.565527 -0.114844 -0.663940 
 -9.565527 -0.114844 -0.663940 
 -9.575098 -0.096899 -0.657959 
 -9.575098 -0.096899 -0.657959 
 -9.542798 -0.086133 -0.608911 
 -9.542798 -0.086133 -0.608911 
 -9.548779 -0.116040 -0.616089 
 -9.548779 -0.116040 -0.616089 
 -9.570313 -0.087329 -0.625659 
 -9.570313 -0.087329 -0.625659 
 -9.543994 -0.100488 -0.611304 
 -9.543994 -0.100488 -0.611304 
 -9.572705 -0.092114 -0.617285 
 -9.572705 -0.092114 -0.617285 
 -9.573901 -0.087329 -0.657959 
 -9.573901 -0.087329 -0.657959 
 -9.551172 -0.106470 -0.620874 
 -9.551172 -0.106470 -0.620874 
 -9.557154 -0.094507 -0.643604 
 -9.557154 -0.094507 -0.643604 
 -9.559546 -0.083740 -0.636426 
 -9.559546 -0.083740 -0.636426 
 -9.543994 -0.094507 -0.631641 
 -9.543994 -0.094507 -0.631641 
 -9.560742 -0.084937 -0.632837 
 -9.560742 -0.084937 -0.632837 
 -9.543994 -0.100488 -0.648389 
 -9.543994 -0.100488 -0.648389 
 -9.545191 -0.076563 -0.649585 
 -9.545191 -0.076563 -0.649585 
 -9.563135 -0.102881 -0.617285 
 -9.563135 -0.102881 -0.617285 
 -9.541601 -0.093311 -0.631641 
 -9.541601 -0.093311 -0.631641 
 -9.564331 -0.104077 -0.634033 
 -9.564331 -0.104077 -0.634033 
 -9.546387 -0.099292 -0.617285 
 -9.546387 -0.099292 -0.617285 
 -9.530835 -0.092114 -0.620874 
 -9.530835 -0.092114 -0.620874 
 -9.561938 -0.101685 -0.622070 
 -9.561938 -0.101685 -0.622070 
 -9.545191 -0.098096 -0.634033 
 -9.545191 -0.098096 -0.634033 
 -9.557154 -0.106470 -0.642407 
 -9.557154 -0.106470 -0.642407 
 -9.548779 -0.090918 -0.608911 
 -9.548779 -0.090918 -0.608911 
 -9.547583 -0.094507 -0.632837 
 -9.547583 -0.094507 -0.632837 
 -9.563135 -0.093311 -0.622070 
 -9.563135 -0.093311 -0.622070 
 -9.565527 -0.094507 -0.594556 
 -9.565527 -0.094507 -0.594556 
 -9.545191 -0.086133 -0.616089 
 -9.545191 -0.086133 -0.616089 
 -9.563135 -0.076563 -0.613696 
 -9.563135 -0.076563 -0.613696 
 -9.549975 -0.082544 -0.622070 
 -9.549975 -0.082544 -0.622070 
 -9.547583 -0.090918 -0.614893 
 -9.547583 -0.090918 -0.614893 
 -9.540405 -0.093311 -0.649585 
 -9.540405 -0.093311 -0.649585 
 -9.558350 -0.094507 -0.637622 
 -9.558350 -0.094507 -0.637622 
 -9.533228 -0.086133 -0.655566 
 -9.533228 -0.086133 -0.655566 
 -9.548779 -0.090918 -0.649585 
 -9.548779 -0.090918 -0.649585 
 -9.559546 -0.094507 -0.622070 
 -9.559546 -0.094507 -0.622070 
 -9.557154 -0.087329 -0.640015 
 -9.557154 -0.087329 -0.640015 
 -9.569117 -0.090918 -0.640015 
 -9.569117 -0.090918 -0.640015 
 -9.545191 -0.122021 -0.644800 
 -9.545191 -0.122021 -0.644800 
 -9.546387 -0.111255 -0.638818 
 -9.546387 -0.111255 -0.638818 
 -9.552368 -0.107666 -0.651978 
 -9.552368 -0.107666 -0.651978 
 -9.542798 -0.080151 -0.648389 
 -9.542798 -0.080151 -0.648389 
 -9.564331 -0.106470 -0.634033 
 -9.564331 -0.106470 -0.634033 
 -9.563135 -0.106470 -0.635229 
 -9.563135 -0.106470 -0.635229 
 -9.555957 -0.093311 -0.666333 
 -9.555957 -0.093311 -0.666333 
 -9.561938 -0.094507 -0.629248 
 -9.561938 -0.094507 -0.629248 
 -9.554761 -0.107666 -0.632837 
 -9.554761 -0.107666 -0.632837 
 -9.570313 -0.102881 -0.645996 
 -9.570313 -0.102881 -0.645996 
 -9.547583 -0.105273 -0.643604 
 -9.547583 -0.105273 -0.643604 
 -9.553564 -0.094507 -0.624463 
 -9.553564 -0.094507 -0.624463 
 -9.548779 -0.092114 -0.622070 
 -9.548779 -0.092114 -0.622070 
 -9.563135 -0.106470 -0.630444 
 -9.563135 -0.106470 -0.630444 
 -9.545191 -0.096899 -0.611304 
 -9.545191 -0.096899 -0.611304 
 -9.552368 -0.086133 -0.612500 
 -9.552368 -0.086133 -0.612500 
 -9.563135 -0.100488 -0.635229 
 -9.563135 -0.100488 -0.635229 
 -9.557154 -0.095703 -0.626855 
 -9.557154 -0.095703 -0.626855 
 -9.541601 -0.102881 -0.635229 
 -9.541601 -0.102881 -0.635229 
 -9.557154 -0.080151 -0.648389 
 -9.557154 -0.080151 -0.648389 
 -9.554761 -0.094507 -0.636426 
 -9.554761 -0.094507 -0.636426 
 -9.547583 -0.106470 -0.620874 
 -9.547583 -0.106470 -0.620874 
 -9.542798 -0.104077 -0.632837 
 -9.542798 -0.104077 -0.632837 
 -9.533228 -0.094507 -0.604126 
 -9.533228 -0.094507 -0.604126 
 -9.561938 -0.107666 -0.626855 
 -9.561938 -0.107666 -0.626855 
 -9.553564 -0.099292 -0.631641 
 -9.553564 -0.099292 -0.631641 
 -9.559546 -0.081348 -0.642407 
 -9.559546 -0.081348 -0.642407 
 -9.559546 -0.110059 -0.624463 
 -9.559546 -0.110059 -0.624463 
 -9.564331 -0.090918 -0.623267 
 -9.564331 -0.090918 -0.623267 
 -9.546387 -0.084937 -0.630444 
 -9.546387 -0.084937 -0.630444 
 -9.548779 -0.096899 -0.661548 
 -9.548779 -0.096899 -0.661548 
 -9.547583 -0.095703 -0.628052 
 -9.547583 -0.095703 -0.628052 
 -9.549975 -0.083740 -0.607715 
 -9.549975 -0.083740 -0.607715 
 -9.558350 -0.098096 -0.626855 
 -9.558350 -0.098096 -0.626855 
 -9.551172 -0.107666 -0.632837 
 -9.551172 -0.107666 -0.632837 
 -9.557154 -0.088525 -0.653174 
 -9.557154 -0.088525 -0.653174 
 -9.545191 -0.090918 -0.622070 
 -9.545191 -0.090918 -0.622070 
 -9.536817 -0.101685 -0.628052 
 -9.536817 -0.101685 -0.628052 
 -9.552368 -0.081348 -0.623267 
 -9.552368 -0.081348 -0.623267 
 -9.540405 -0.081348 -0.630444 
 -9.540405 -0.081348 -0.630444 
 -9.551172 -0.082544 -0.595752 
 -9.551172 -0.082544 -0.595752 
 -9.559546 -0.098096 -0.630444 
 -9.559546 -0.098096 -0.630444 
 -9.551172 -0.087329 -0.626855 
 -9.551172 -0.087329 -0.626855 
 -9.545191 -0.123218 -0.626855 
 -9.545191 -0.123218 -0.626855 
 -9.573901 -0.100488 -0.620874 
 -9.573901 -0.100488 -0.620874 
 -9.570313 -0.117236 -0.644800 
 -9.570313 -0.117236 -0.644800 
 -9.565527 -0.100488 -0.617285 
 -9.565527 -0.100488 -0.617285 
 -9.551172 -0.096899 -0.635229 
 -9.551172 -0.096899 -0.635229 
 -9.558350 -0.081348 -0.626855 
 -9.558350 -0.081348 -0.626855 
 -9.558350 -0.092114 -0.608911 
 -9.558350 -0.092114 -0.608911 
 -9.552368 -0.096899 -0.613696 
 -9.552368 -0.096899 -0.613696 
 -9.547583 -0.108862 -0.622070 
 -9.547583 -0.108862 -0.622070 
 -9.547583 -0.102881 -0.616089 
 -9.547583 -0.102881 -0.616089 
 -9.569117 -0.104077 -0.611304 
 -9.569117 -0.104077 -0.611304 
 -9.558350 -0.094507 -0.624463 
 -9.558350 -0.094507 -0.624463 
 -9.563135 -0.093311 -0.624463 
 -9.563135 -0.093311 -0.624463 
 -9.558350 -0.104077 -0.629248 
 -9.558350 -0.104077 -0.629248 
 -9.539209 -0.084937 -0.624463 
 -9.539209 -0.084937 -0.624463 
 -9.553564 -0.104077 -0.636426 
 -9.553564 -0.104077 -0.636426 
 -9.547583 -0.098096 -0.620874 
 -9.547583 -0.098096 -0.620874 
 -9.559546 -0.093311 -0.631641 
 -9.559546 -0.093311 -0.631641 
 -9.558350 -0.104077 -0.634033 
 -9.558350 -0.104077 -0.634033 
 -9.558350 -0.094507 -0.636426 
 -9.558350 -0.094507 -0.636426 
 -9.541601 -0.086133 -0.638818 
 -9.541601 -0.086133 -0.638818 
 -9.554761 -0.104077 -0.624463 
 -9.554761 -0.104077 -0.624463 
 -9.545191 -0.117236 -0.623267 
 -9.545191 -0.117236 -0.623267 
 -9.535620 -0.111255 -0.634033 
 -9.535620 -0.111255 -0.634033 
 -9.549975 -0.089722 -0.628052 
 -9.549975 -0.089722 -0.628052 
 -9.564331 -0.101685 -0.648389 
 -9.564331 -0.101685 -0.648389 
 -9.573901 -0.087329 -0.610107 
 -9.573901 -0.087329 -0.610107 
 -9.547583 -0.083740 -0.608911 
 -9.547583 -0.083740 -0.608911 
 -9.540405 -0.119629 -0.653174 
 -9.540405 -0.119629 -0.653174 
 -9.548779 -0.100488 -0.618481 
 -9.548779 -0.100488 -0.618481 
 -9.546387 -0.106470 -0.595752 
 -9.546387 -0.106470 -0.595752 
 -9.567920 -0.078955 -0.618481 
 -9.567920 -0.078955 -0.618481 
 -9.560742 -0.102881 -0.636426 
 -9.560742 -0.102881 -0.636426 
 -9.547583 -0.096899 -0.601733 
 -9.547583 -0.096899 -0.601733 
 -9.560742 -0.095703 -0.614893 
 -9.560742 -0.095703 -0.614893 
 -9.533228 -0.094507 -0.628052 
 -9.533228 -0.094507 -0.628052 
 -9.532031 -0.094507 -0.643604 
 -9.532031 -0.094507 -0.643604 
 -9.548779 -0.098096 -0.634033 
 -9.548779 -0.098096 -0.634033 
 -9.558350 -0.083740 -0.624463 
 -9.558350 -0.083740 -0.624463 
 -9.533228 -0.095703 -0.631641 
 -9.533228 -0.095703 -0.631641 
 -9.566724 -0.101685 -0.629248 
 -9.566724 -0.101685 -0.629248 
 -9.557154 -0.106470 -0.637622 
 -9.557154 -0.106470 -0.637622 
 -9.554761 -0.090918 -0.632837 
 -9.554761 -0.090918 -0.632837 
 -9.539209 -0.077759 -0.636426 
 -9.539209 -0.077759 -0.636426 
 -9.552368 -0.095703 -0.625659 
 -9.552368 -0.095703 -0.625659 
 -9.548779 -0.098096 -0.628052 
 -9.548779 -0.098096 -0.628052 
 -9.555957 -0.095703 -0.625659 
 -9.555957 -0.095703 -0.625659 
 -9.545191 -0.096899 -0.630444 
 -9.545191 -0.096899 -0.630444 
 -9.539209 -0.090918 -0.618481 
 -9.539209 -0.090918 -0.618481 
 -9.553564 -0.078955 -0.623267 
 -9.553564 -0.078955 -0.623267 
 -9.555957 -0.095703 -0.606519 
 -9.555957 -0.095703 -0.606519 
 -9.539209 -0.107666 -0.626855 
 -9.539209 -0.107666 -0.626855 
 -9.540405 -0.114844 -0.629248 
 -9.540405 -0.114844 -0.629248 
 -9.540405 -0.092114 -0.647192 
 -9.540405 -0.092114 -0.647192 
 -9.541601 -0.106470 -0.629248 
 -9.541601 -0.106470 -0.629248 
 -9.545191 -0.116040 -0.622070 
 -9.545191 -0.116040 -0.622070 
 -9.551172 -0.102881 -0.645996 
 -9.551172 -0.102881 -0.645996 
 -9.571508 -0.099292 -0.653174 
 -9.571508 -0.099292 -0.653174 
 -9.536817 -0.108862 -0.632837 
 -9.536817 -0.108862 -0.632837 
 -9.553564 -0.077759 -0.619678 
 -9.553564 -0.077759 -0.619678 
 -9.560742 -0.075366 -0.613696 
 -9.560742 -0.075366 -0.613696 
 -9.547583 -0.096899 -0.607715 
 -9.547583 -0.096899 -0.607715 
 -9.540405 -0.093311 -0.647192 
 -9.540405 -0.093311 -0.647192 
 -9.535620 -0.083740 -0.626855 
 -9.535620 -0.083740 -0.626855 
 -9.552368 -0.084937 -0.626855 
 -9.552368 -0.084937 -0.626855 
 -9.558350 -0.106470 -0.625659 
 -9.558350 -0.106470 -0.625659 
 -9.548779 -0.111255 -0.636426 
 -9.548779 -0.111255 -0.636426 
 -9.548779 -0.104077 -0.612500 
 -9.548779 -0.104077 -0.612500 
 -9.563135 -0.116040 -0.640015 
 -9.563135 -0.116040 -0.640015 
 -9.542798 -0.120825 -0.630444 
 -9.542798 -0.120825 -0.630444 
 -9.547583 -0.090918 -0.606519 
 -9.547583 -0.090918 -0.606519 
 -9.552368 -0.096899 -0.645996 
 -9.552368 -0.096899 -0.645996 
 -9.561938 -0.116040 -0.613696 
 -9.561938 -0.116040 -0.613696 
 -9.548779 -0.088525 -0.631641 
 -9.548779 -0.088525 -0.631641 
 -9.571508 -0.088525 -0.635229 
 -9.571508 -0.088525 -0.635229 
 -9.555957 -0.106470 -0.645996 
 -9.555957 -0.106470 -0.645996 
 -9.552368 -0.098096 -0.635229 
 -9.552368 -0.098096 -0.635229 
 -9.559546 -0.106470 -0.616089 
 -9.559546 -0.106470 -0.616089 
 -9.567920 -0.093311 -0.624463 
 -9.567920 -0.093311 -0.624463 
 -9.560742 -0.104077 -0.644800 
 -9.560742 -0.104077 -0.644800 
 -9.534424 -0.101685 -0.635229 
 -9.534424 -0.101685 -0.635229 
 -9.548779 -0.102881 -0.636426 
 -9.548779 -0.102881 -0.636426 
 -9.555957 -0.095703 -0.631641 
 -9.555957 -0.095703 -0.631641 
 -9.551172 -0.104077 -0.623267 
 -9.551172 -0.104077 -0.623267 
 -9.542798 -0.080151 -0.623267 
 -9.542798 -0.080151 -0.623267 
 -9.548779 -0.098096 -0.630444 
 -9.548779 -0.098096 -0.630444 
 -9.560742 -0.104077 -0.595752 
 -9.560742 -0.104077 -0.595752 
 -9.547583 -0.096899 -0.647192 
 -9.547583 -0.096899 -0.647192 
 -9.559546 -0.090918 -0.623267 
 -9.559546 -0.090918 -0.623267 
 -9.554761 -0.093311 -0.629248 
 -9.554761 -0.093311 -0.629248 
 -9.557154 -0.107666 -0.619678 
 -9.557154 -0.107666 -0.619678 
 -9.557154 -0.113647 -0.653174 
 -9.557154 -0.113647 -0.653174 
 -9.555957 -0.095703 -0.637622 
 -9.555957 -0.095703 -0.637622 
 -9.563135 -0.117236 -0.618481 
 -9.563135 -0.117236 -0.618481 
 -9.547583 -0.096899 -0.625659 
 -9.547583 -0.096899 -0.625659 
 -9.565527 -0.096899 -0.643604 
 -9.565527 -0.096899 -0.643604 
 -9.570313 -0.107666 -0.650781 
 -9.570313 -0.107666 -0.650781 
 -9.566724 -0.106470 -0.649585 
 -9.566724 -0.106470 -0.649585 
 -9.559546 -0.087329 -0.638818 
 -9.559546 -0.087329 -0.638818 
 -9.538013 -0.082544 -0.637622 
 -9.538013 -0.082544 -0.637622 
 -9.564331 -0.093311 -0.641211 
 -9.564331 -0.093311 -0.641211 
 -9.559546 -0.106470 -0.620874 
 -9.559546 -0.106470 -0.620874 
 -9.590650 -0.118433 -0.642407 
 -9.590650 -0.118433 -0.642407 
 -9.548779 -0.112451 -0.618481 
 -9.548779 -0.112451 -0.618481 
 -9.543994 -0.090918 -0.622070 
 -9.543994 -0.090918 -0.622070 
 -9.559546 -0.092114 -0.629248 
 -9.559546 -0.092114 -0.629248 
 -9.540405 -0.099292 -0.634033 
 -9.540405 -0.099292 -0.634033 
 -9.542798 -0.080151 -0.634033 
 -9.542798 -0.080151 -0.634033 
 -9.551172 -0.083740 -0.622070 
 -9.551172 -0.083740 -0.622070 
 -9.536817 -0.112451 -0.635229 
 -9.536817 -0.112451 -0.635229 
 -9.557154 -0.100488 -0.612500 
 -9.557154 -0.100488 -0.612500 
 -9.545191 -0.094507 -0.608911 
 -9.545191 -0.094507 -0.608911 
 -9.542798 -0.090918 -0.604126 
 -9.542798 -0.090918 -0.604126 
 -9.540405 -0.080151 -0.628052 
 -9.540405 -0.080151 -0.628052 
 -9.564331 -0.100488 -0.617285 
 -9.564331 -0.100488 -0.617285 
 -9.554761 -0.107666 -0.626855 
 -9.554761 -0.107666 -0.626855 
 -9.553564 -0.106470 -0.630444 
 -9.553564 -0.106470 -0.630444 
 -9.561938 -0.096899 -0.618481 
 -9.561938 -0.096899 -0.618481 
 -9.560742 -0.093311 -0.630444 
 -9.560742 -0.093311 -0.630444 
 -9.527246 -0.080151 -0.638818 
 -9.527246 -0.080151 -0.638818 
 -9.546387 -0.105273 -0.630444 
 -9.546387 -0.105273 -0.630444 
 -9.552368 -0.095703 -0.640015 
 -9.552368 -0.095703 -0.640015 
 -9.555957 -0.087329 -0.650781 
 -9.555957 -0.087329 -0.650781 
 -9.559546 -0.107666 -0.611304 
 -9.559546 -0.107666 -0.611304 
 -9.548779 -0.107666 -0.623267 
 -9.548779 -0.107666 -0.623267 
 -9.567920 -0.076563 -0.624463 
 -9.567920 -0.076563 -0.624463 
 -9.563135 -0.077759 -0.634033 
 -9.563135 -0.077759 -0.634033 
 -9.563135 -0.096899 -0.605322 
 -9.563135 -0.096899 -0.605322 
 -9.549975 -0.078955 -0.607715 
 -9.549975 -0.078955 -0.607715 
 -9.548779 -0.100488 -0.649585 
 -9.548779 -0.100488 -0.649585 
 -9.559546 -0.088525 -0.617285 
 -9.559546 -0.088525 -0.617285 
 -9.541601 -0.087329 -0.617285 
 -9.541601 -0.087329 -0.617285 
 -9.558350 -0.096899 -0.594556 
 -9.558350 -0.096899 -0.594556 
 -9.566724 -0.102881 -0.632837 
 -9.566724 -0.102881 -0.632837 
 -9.559546 -0.114844 -0.638818 
 -9.559546 -0.114844 -0.638818 
 -9.542798 -0.099292 -0.630444 
 -9.542798 -0.099292 -0.630444 
 -9.543994 -0.105273 -0.623267 
 -9.543994 -0.105273 -0.623267 
 -9.548779 -0.095703 -0.636426 
 -9.548779 -0.095703 -0.636426 
 -9.546387 -0.113647 -0.630444 
 -9.546387 -0.113647 -0.630444 
 -9.558350 -0.106470 -0.613696 
 -9.558350 -0.106470 -0.613696 
 -9.547583 -0.107666 -0.630444 
 -9.547583 -0.107666 -0.630444 
 -9.563135 -0.082544 -0.628052 
 -9.563135 -0.082544 -0.628052 
 -9.538013 -0.090918 -0.648389 
 -9.538013 -0.090918 -0.648389 
 -9.561938 -0.068188 -0.626855 
 -9.561938 -0.068188 -0.626855 
 -9.563135 -0.090918 -0.606519 
 -9.563135 -0.090918 -0.606519 
 -9.552368 -0.099292 -0.617285 
 -9.552368 -0.099292 -0.617285 
 -9.554761 -0.090918 -0.589770 
 -9.554761 -0.090918 -0.589770 
 -9.549975 -0.092114 -0.622070 
 -9.549975 -0.092114 -0.622070 
 -9.560742 -0.086133 -0.622070 
 -9.560742 -0.086133 -0.622070 
 -9.560742 -0.102881 -0.618481 
 -9.560742 -0.102881 -0.618481 
 -9.543994 -0.106470 -0.644800 
 -9.543994 -0.106470 -0.644800 
 -9.560742 -0.105273 -0.638818 
 -9.560742 -0.105273 -0.638818 
 -9.545191 -0.102881 -0.618481 
 -9.545191 -0.102881 -0.618481 
 -9.551172 -0.069385 -0.626855 
 -9.551172 -0.069385 -0.626855 
 -9.554761 -0.089722 -0.616089 
 -9.554761 -0.089722 -0.616089 
 -9.551172 -0.101685 -0.620874 
 -9.551172 -0.101685 -0.620874 
 -9.554761 -0.089722 -0.625659 
 -9.554761 -0.089722 -0.625659 
 -9.551172 -0.081348 -0.630444 
 -9.551172 -0.081348 -0.630444 
 -9.559546 -0.088525 -0.618481 
 -9.559546 -0.088525 -0.618481 
 -9.558350 -0.098096 -0.628052 
 -9.558350 -0.098096 -0.628052 
 -9.542798 -0.107666 -0.632837 
 -9.542798 -0.107666 -0.632837 
 -9.561938 -0.083740 -0.634033 
 -9.561938 -0.083740 -0.634033 
 -9.548779 -0.083740 -0.619678 
 -9.548779 -0.083740 -0.619678 
 -9.555957 -0.092114 -0.643604 
 -9.555957 -0.092114 -0.643604 
 -9.549975 -0.102881 -0.630444 
 -9.549975 -0.102881 -0.630444 
 -9.555957 -0.098096 -0.619678 
 -9.555957 -0.098096 -0.619678 
 -9.553564 -0.112451 -0.628052 
 -9.553564 -0.112451 -0.628052 
 -9.571508 -0.104077 -0.648389 
 -9.571508 -0.104077 -0.648389 
 -9.557154 -0.101685 -0.650781 
 -9.557154 -0.101685 -0.650781 
 -9.558350 -0.086133 -0.634033 
 -9.558350 -0.086133 -0.634033 
 -9.567920 -0.100488 -0.623267 
 -9.567920 -0.100488 -0.623267 
 -9.554761 -0.110059 -0.643604 
 -9.554761 -0.110059 -0.643604 
 -9.545191 -0.095703 -0.643604 
 -9.545191 -0.095703 -0.643604 
 -9.561938 -0.101685 -0.623267 
 -9.561938 -0.101685 -0.623267 
 -9.541601 -0.088525 -0.638818 
 -9.541601 -0.088525 -0.638818 
 -9.536817 -0.090918 -0.631641 
 -9.536817 -0.090918 -0.631641 
 -9.549975 -0.117236 -0.628052 
 -9.549975 -0.117236 -0.628052 
 -9.551172 -0.094507 -0.622070 
 -9.551172 -0.094507 -0.622070 
 -9.577490 -0.088525 -0.619678 
 -9.577490 -0.088525 -0.619678 
 -9.541601 -0.071777 -0.628052 
 -9.541601 -0.071777 -0.628052 
 -9.561938 -0.100488 -0.630444 
 -9.561938 -0.100488 -0.630444 
 -9.553564 -0.095703 -0.617285 
 -9.553564 -0.095703 -0.617285 
 -9.548779 -0.090918 -0.634033 
 -9.548779 -0.090918 -0.634033 
 -9.560742 -0.102881 -0.642407 
 -9.560742 -0.102881 -0.642407 
 -9.578687 -0.116040 -0.632837 
 -9.578687 -0.116040 -0.632837 
 -9.553564 -0.082544 -0.644800 
 -9.553564 -0.082544 -0.644800 
 -9.554761 -0.087329 -0.628052 
 -9.554761 -0.087329 -0.628052 
 -9.566724 -0.102881 -0.625659 
 -9.566724 -0.102881 -0.625659 
 -9.543994 -0.101685 -0.655566 
 -9.543994 -0.101685 -0.655566 
 -9.558350 -0.084937 -0.620874 
 -9.558350 -0.084937 -0.620874 
 -9.558350 -0.078955 -0.628052 
 -9.558350 -0.078955 -0.628052 
 -9.548779 -0.105273 -0.637622 
 -9.548779 -0.105273 -0.637622 
 -9.551172 -0.094507 -0.651978 
 -9.551172 -0.094507 -0.651978 
 -9.528442 -0.118433 -0.636426 
 -9.528442 -0.118433 -0.636426 
 -9.541601 -0.088525 -0.617285 
 -9.541601 -0.088525 -0.617285 
 -9.538013 -0.092114 -0.644800 
 -9.538013 -0.092114 -0.644800 
 -9.560742 -0.084937 -0.610107 
 -9.560742 -0.084937 -0.610107 
 -9.555957 -0.087329 -0.629248 
 -9.555957 -0.087329 -0.629248 
 -9.551172 -0.096899 -0.649585 
 -9.551172 -0.096899 -0.649585 
 -9.555957 -0.102881 -0.659155 
 -9.555957 -0.102881 -0.659155 
 -9.557154 -0.093311 -0.626855 
 -9.557154 -0.093311 -0.626855 
 -9.552368 -0.116040 -0.654370 
 -9.552368 -0.116040 -0.654370 
 -9.545191 -0.087329 -0.661548 
 -9.545191 -0.087329 -0.661548 
 -9.547583 -0.101685 -0.614893 
 -9.547583 -0.101685 -0.614893 
 -9.553564 -0.104077 -0.631641 
 -9.553564 -0.104077 -0.631641 
 -9.558350 -0.100488 -0.620874 
 -9.558350 -0.100488 -0.620874 
 -9.545191 -0.082544 -0.653174 
 -9.545191 -0.082544 -0.653174 
 -9.553564 -0.101685 -0.619678 
 -9.553564 -0.101685 -0.619678 
 -9.551172 -0.100488 -0.623267 
 -9.551172 -0.100488 -0.623267 
 -9.551172 -0.074170 -0.631641 
 -9.551172 -0.074170 -0.631641 
 -9.526050 -0.086133 -0.636426 
 -9.526050 -0.086133 -0.636426 
 -9.547583 -0.102881 -0.642407 
 -9.547583 -0.102881 -0.642407 
 -9.546387 -0.095703 -0.618481 
 -9.546387 -0.095703 -0.618481 
 -9.545191 -0.101685 -0.623267 
 -9.545191 -0.101685 -0.623267 
 -9.535620 -0.075366 -0.616089 
 -9.535620 -0.075366 -0.616089 
 -9.560742 -0.087329 -0.624463 
 -9.560742 -0.087329 -0.624463 
 -9.548779 -0.098096 -0.637622 
 -9.548779 -0.098096 -0.637622 
 -9.547583 -0.101685 -0.657959 
 -9.547583 -0.101685 -0.657959 
 -9.555957 -0.100488 -0.650781 
 -9.555957 -0.100488 -0.650781 
 -9.554761 -0.083740 -0.635229 
 -9.554761 -0.083740 -0.635229 
 -9.533228 -0.093311 -0.624463 
 -9.533228 -0.093311 -0.624463 
 -9.549975 -0.090918 -0.666333 
 -9.549975 -0.090918 -0.666333 
 -9.566724 -0.096899 -0.638818 
 -9.566724 -0.096899 -0.638818 
 -9.535620 -0.113647 -0.606519 
 -9.535620 -0.113647 -0.606519 
 -9.539209 -0.086133 -0.613696 
 -9.539209 -0.086133 -0.613696 
 -9.540405 -0.102881 -0.634033 
 -9.540405 -0.102881 -0.634033 
 -9.543994 -0.100488 -0.622070 
 -9.543994 -0.100488 -0.622070 
 -9.543994 -0.119629 -0.594556 
 -9.543994 -0.119629 -0.594556 
 -9.536817 -0.093311 -0.611304 
 -9.536817 -0.093311 -0.611304 
 -9.538013 -0.100488 -0.610107 
 -9.538013 -0.100488 -0.610107 
 -9.567920 -0.086133 -0.643604 
 -9.567920 -0.086133 -0.643604 
 -9.549975 -0.104077 -0.647192 
 -9.549975 -0.104077 -0.647192 
 -9.543994 -0.088525 -0.618481 
 -9.543994 -0.088525 -0.618481 
 -9.561938 -0.101685 -0.632837 
 -9.561938 -0.101685 -0.632837 
 -9.545191 -0.098096 -0.641211 
 -9.545191 -0.098096 -0.641211 
 -9.543994 -0.086133 -0.622070 
 -9.543994 -0.086133 -0.622070 
 -9.564331 -0.101685 -0.612500 
 -9.564331 -0.101685 -0.612500 
 -9.564331 -0.095703 -0.623267 
 -9.564331 -0.095703 -0.623267 
 