9.953125 -0.028711 -0.838599 
 9.945948 -0.003589 -0.836206 
 9.945948 -0.003589 -0.836206 
 9.948339 0.013159 -0.843384 
 9.948339 0.013159 -0.843384 
 9.937573 0.005981 -0.864917 
 9.937573 0.005981 -0.864917 
 9.932788 0.011963 -0.851758 
 9.932788 0.011963 -0.851758 
 9.947144 0.000000 -0.852954 
 9.947144 0.000000 -0.852954 
 9.929199 0.009570 -0.867310 
 9.929199 0.009570 -0.867310 
 9.944751 0.013159 -0.858936 
 9.944751 0.013159 -0.858936 
 9.933985 0.026318 -0.872095 
 9.933985 0.026318 -0.872095 
 9.957911 0.004785 -0.851758 
 9.957911 0.004785 -0.851758 
 9.931592 -0.005981 -0.831421 
 9.931592 -0.005981 -0.831421 
 9.943555 -0.007178 -0.864917 
 9.943555 -0.007178 -0.864917 
 9.932788 -0.016748 -0.858936 
 9.932788 -0.016748 -0.858936 
 9.950732 0.007178 -0.845776 
 9.950732 0.007178 -0.845776 
 9.935181 0.003589 -0.838599 
 9.935181 0.003589 -0.838599 
 9.957911 0.003589 -0.842188 
 9.957911 0.003589 -0.842188 
 9.944751 -0.002393 -0.838599 
 9.944751 -0.002393 -0.838599 
 9.932788 0.028711 -0.849365 
 9.932788 0.028711 -0.849365 
 9.954321 0.007178 -0.817065 
 9.954321 0.007178 -0.817065 
 9.960302 -0.001196 -0.852954 
 9.960302 -0.001196 -0.852954 
 9.926806 0.007178 -0.856543 
 9.926806 0.007178 -0.856543 
 9.929199 0.017944 -0.857739 
 9.929199 0.017944 -0.857739 
 9.954321 0.007178 -0.848169 
 9.954321 0.007178 -0.848169 
 9.937573 -0.008374 -0.861328 
 9.937573 -0.008374 -0.861328 
 9.941162 0.005981 -0.855347 
 9.941162 0.005981 -0.855347 
 9.924414 0.004785 -0.867310 
 9.924414 0.004785 -0.867310 
 9.951929 -0.002393 -0.819458 
 9.951929 -0.002393 -0.819458 
 9.955518 -0.003589 -0.823047 
 9.955518 -0.003589 -0.823047 
 9.941162 0.015552 -0.839795 
 9.941162 0.015552 -0.839795 
 9.939966 -0.005981 -0.848169 
 9.939966 -0.005981 -0.848169 
 9.938769 0.002393 -0.846973 
 9.938769 0.002393 -0.846973 
 9.933985 0.010767 -0.848169 
 9.933985 0.010767 -0.848169 
 9.937573 -0.004785 -0.861328 
 9.937573 -0.004785 -0.861328 
 9.937573 0.008374 -0.858936 
 9.937573 0.008374 -0.858936 
 9.954321 0.015552 -0.839795 
 9.954321 0.015552 -0.839795 
 9.954321 0.031104 -0.849365 
 9.954321 0.031104 -0.849365 
 9.944751 0.007178 -0.809888 
 9.944751 0.007178 -0.809888 
 9.942358 0.000000 -0.826636 
 9.942358 0.000000 -0.826636 
 9.957911 0.016748 -0.829028 
 9.957911 0.016748 -0.829028 
 9.954321 -0.010767 -0.837402 
 9.954321 -0.010767 -0.837402 
 9.948339 0.001196 -0.846973 
 9.948339 0.001196 -0.846973 
 9.950732 -0.003589 -0.846973 
 9.950732 -0.003589 -0.846973 
 9.951929 0.019141 -0.848169 
 9.951929 0.019141 -0.848169 
 9.930395 0.007178 -0.857739 
 9.930395 0.007178 -0.857739 
 9.935181 0.008374 -0.832617 
 9.935181 0.008374 -0.832617 
 9.936377 -0.003589 -0.848169 
 9.936377 -0.003589 -0.848169 
 9.942358 0.005981 -0.861328 
 9.942358 0.005981 -0.861328 
 9.941162 0.017944 -0.843384 
 9.941162 0.017944 -0.843384 
 9.935181 -0.015552 -0.866113 
 9.935181 -0.015552 -0.866113 
 9.951929 0.011963 -0.835010 
 9.951929 0.011963 -0.835010 
 9.957911 0.003589 -0.825439 
 9.957911 0.003589 -0.825439 
 9.948339 0.014355 -0.848169 
 9.948339 0.014355 -0.848169 
 9.967481 0.001196 -0.846973 
 9.967481 0.001196 -0.846973 
 9.961499 -0.011963 -0.813477 
 9.961499 -0.011963 -0.813477 
 9.956714 0.011963 -0.856543 
 9.956714 0.011963 -0.856543 
 9.942358 0.005981 -0.864917 
 9.942358 0.005981 -0.864917 
 9.957911 0.001196 -0.869702 
 9.957911 0.001196 -0.869702 
 9.939966 0.010767 -0.886450 
 9.939966 0.010767 -0.886450 
 9.935181 0.019141 -0.842188 
 9.935181 0.019141 -0.842188 
 9.939966 0.002393 -0.831421 
 9.939966 0.002393 -0.831421 
 9.942358 -0.016748 -0.846973 
 9.942358 -0.016748 -0.846973 
 9.938769 -0.001196 -0.836206 
 9.938769 -0.001196 -0.836206 
 9.931592 0.015552 -0.864917 
 9.931592 0.015552 -0.864917 
 9.951929 0.004785 -0.861328 
 9.951929 0.004785 -0.861328 
 9.937573 0.007178 -0.864917 
 9.937573 0.007178 -0.864917 
 9.944751 -0.005981 -0.854150 
 9.944751 -0.005981 -0.854150 
 9.948339 0.001196 -0.837402 
 9.948339 0.001196 -0.837402 
 9.951929 0.000000 -0.836206 
 9.951929 0.000000 -0.836206 
 9.935181 0.004785 -0.831421 
 9.935181 0.004785 -0.831421 
 9.945948 0.008374 -0.845776 
 9.945948 0.008374 -0.845776 
 9.945948 0.011963 -0.862524 
 9.945948 0.011963 -0.862524 
 9.931592 0.003589 -0.872095 
 9.931592 0.003589 -0.872095 
 9.938769 0.017944 -0.845776 
 9.938769 0.017944 -0.845776 
 9.953125 -0.011963 -0.824243 
 9.953125 -0.011963 -0.824243 
 9.945948 0.000000 -0.836206 
 9.945948 0.000000 -0.836206 
 9.925611 0.001196 -0.830225 
 9.925611 0.001196 -0.830225 
 9.968677 0.007178 -0.854150 
 9.968677 0.007178 -0.854150 
 9.965088 0.002393 -0.833813 
 9.965088 0.002393 -0.833813 
 9.930395 -0.001196 -0.846973 
 9.930395 -0.001196 -0.846973 
 9.960302 0.011963 -0.854150 
 9.960302 0.011963 -0.854150 
 9.924414 -0.007178 -0.858936 
 9.924414 -0.007178 -0.858936 
 9.954321 0.015552 -0.842188 
 9.954321 0.015552 -0.842188 
 9.941162 0.007178 -0.839795 
 9.941162 0.007178 -0.839795 
 9.916040 0.002393 -0.811084 
 9.916040 0.002393 -0.811084 
 9.932788 0.016748 -0.852954 
 9.932788 0.016748 -0.852954 
 9.935181 0.005981 -0.851758 
 9.935181 0.005981 -0.851758 
 9.932788 0.004785 -0.836206 
 9.932788 0.004785 -0.836206 
 9.931592 0.001196 -0.852954 
 9.931592 0.001196 -0.852954 
 9.953125 -0.001196 -0.855347 
 9.953125 -0.001196 -0.855347 
 9.951929 0.009570 -0.861328 
 9.951929 0.009570 -0.861328 
 9.931592 -0.014355 -0.849365 
 9.931592 -0.014355 -0.849365 
 9.930395 -0.020337 -0.840991 
 9.930395 -0.020337 -0.840991 
 9.941162 -0.001196 -0.873291 
 9.941162 -0.001196 -0.873291 
 9.953125 -0.002393 -0.848169 
 9.953125 -0.002393 -0.848169 
 9.948339 0.015552 -0.855347 
 9.948339 0.015552 -0.855347 
 9.954321 0.013159 -0.839795 
 9.954321 0.013159 -0.839795 
 9.947144 -0.002393 -0.848169 
 9.947144 -0.002393 -0.848169 
 9.945948 0.001196 -0.844580 
 9.945948 0.001196 -0.844580 
 9.941162 -0.007178 -0.855347 
 9.941162 -0.007178 -0.855347 
 9.949536 0.007178 -0.874487 
 9.949536 0.007178 -0.874487 
 9.942358 -0.007178 -0.850561 
 9.942358 -0.007178 -0.850561 
 9.936377 0.013159 -0.839795 
 9.936377 0.013159 -0.839795 
 9.936377 0.019141 -0.852954 
 9.936377 0.019141 -0.852954 
 9.932788 0.009570 -0.830225 
 9.932788 0.009570 -0.830225 
 9.938769 -0.002393 -0.857739 
 9.938769 -0.002393 -0.857739 
 9.954321 0.005981 -0.852954 
 9.954321 0.005981 -0.852954 
 9.939966 0.008374 -0.840991 
 9.939966 0.008374 -0.840991 
 9.929199 0.008374 -0.832617 
 9.929199 0.008374 -0.832617 
 9.951929 0.014355 -0.846973 
 9.951929 0.014355 -0.846973 
 9.948339 -0.005981 -0.861328 
 9.948339 -0.005981 -0.861328 
 9.929199 0.010767 -0.862524 
 9.929199 0.010767 -0.862524 
 9.938769 0.003589 -0.855347 
 9.938769 0.003589 -0.855347 
 9.947144 0.002393 -0.856543 
 9.947144 0.002393 -0.856543 
 9.935181 0.004785 -0.846973 
 9.935181 0.004785 -0.846973 
 9.951929 0.020337 -0.837402 
 9.951929 0.020337 -0.837402 
 9.955518 0.009570 -0.848169 
 9.955518 0.009570 -0.848169 
 9.951929 0.010767 -0.842188 
 9.951929 0.010767 -0.842188 
 9.935181 0.014355 -0.850561 
 9.935181 0.014355 -0.850561 
 9.926806 0.011963 -0.846973 
 9.926806 0.011963 -0.846973 
 9.956714 0.003589 -0.876880 
 9.956714 0.003589 -0.876880 
 9.935181 0.009570 -0.886450 
 9.935181 0.009570 -0.886450 
 9.945948 0.009570 -0.854150 
 9.945948 0.009570 -0.854150 
 9.945948 0.015552 -0.872095 
 9.945948 0.015552 -0.872095 
 9.949536 0.014355 -0.872095 
 9.949536 0.014355 -0.872095 
 9.933985 -0.003589 -0.862524 
 9.933985 -0.003589 -0.862524 
 9.937573 0.003589 -0.851758 
 9.937573 0.003589 -0.851758 
 9.950732 0.008374 -0.855347 
 9.950732 0.008374 -0.855347 
 9.953125 -0.011963 -0.861328 
 9.953125 -0.011963 -0.861328 
 9.947144 0.008374 -0.855347 
 9.947144 0.008374 -0.855347 
 9.945948 0.008374 -0.856543 
 9.945948 0.008374 -0.856543 
 9.936377 -0.013159 -0.833813 
 9.936377 -0.013159 -0.833813 
 9.943555 0.023926 -0.882861 
 9.943555 0.023926 -0.882861 
 9.941162 0.001196 -0.851758 
 9.941162 0.001196 -0.851758 
 9.951929 -0.003589 -0.862524 
 9.951929 -0.003589 -0.862524 
 9.944751 -0.011963 -0.843384 
 9.944751 -0.011963 -0.843384 
 9.937573 -0.008374 -0.844580 
 9.937573 -0.008374 -0.844580 
 9.933985 0.022729 -0.836206 
 9.933985 0.022729 -0.836206 
 9.944751 0.005981 -0.874487 
 9.944751 0.005981 -0.874487 
 9.945948 0.007178 -0.856543 
 9.945948 0.007178 -0.856543 
 9.947144 0.007178 -0.851758 
 9.947144 0.007178 -0.851758 
 9.943555 -0.007178 -0.848169 
 9.943555 -0.007178 -0.848169 
 9.951929 0.007178 -0.844580 
 9.951929 0.007178 -0.844580 
 9.944751 0.001196 -0.839795 
 9.944751 0.001196 -0.839795 
 9.918432 0.005981 -0.854150 
 9.918432 0.005981 -0.854150 
 9.951929 0.021533 -0.872095 
 9.951929 0.021533 -0.872095 
 9.960302 0.020337 -0.849365 
 9.960302 0.020337 -0.849365 
 9.959106 0.005981 -0.844580 
 9.959106 0.005981 -0.844580 
 9.935181 0.004785 -0.851758 
 9.935181 0.004785 -0.851758 
 9.956714 0.010767 -0.854150 
 9.956714 0.010767 -0.854150 
 9.951929 0.004785 -0.839795 
 9.951929 0.004785 -0.839795 
 9.941162 -0.010767 -0.844580 
 9.941162 -0.010767 -0.844580 
 9.975855 -0.014355 -0.848169 
 9.975855 -0.014355 -0.848169 
 9.943555 0.004785 -0.833813 
 9.943555 0.004785 -0.833813 
 9.948339 0.003589 -0.851758 
 9.948339 0.003589 -0.851758 
 9.947144 -0.009570 -0.831421 
 9.947144 -0.009570 -0.831421 
 9.962695 0.015552 -0.846973 
 9.962695 0.015552 -0.846973 
 9.937573 -0.005981 -0.840991 
 9.937573 -0.005981 -0.840991 
 9.957911 -0.001196 -0.849365 
 9.957911 -0.001196 -0.849365 
 9.926806 -0.008374 -0.850561 
 9.926806 -0.008374 -0.850561 
 9.957911 0.010767 -0.833813 
 9.957911 0.010767 -0.833813 
 9.944751 0.013159 -0.860132 
 9.944751 0.013159 -0.860132 
 9.942358 0.001196 -0.866113 
 9.942358 0.001196 -0.866113 
 9.926806 0.008374 -0.837402 
 9.926806 0.008374 -0.837402 
 9.950732 0.003589 -0.842188 
 9.950732 0.003589 -0.842188 
 9.951929 -0.004785 -0.885254 
 9.951929 -0.004785 -0.885254 
 9.932788 0.011963 -0.849365 
 9.932788 0.011963 -0.849365 
 9.943555 0.010767 -0.856543 
 9.943555 0.010767 -0.856543 
 9.954321 0.014355 -0.878076 
 9.954321 0.014355 -0.878076 
 9.923218 0.010767 -0.852954 
 9.923218 0.010767 -0.852954 
 9.945948 0.010767 -0.837402 
 9.945948 0.010767 -0.837402 
 9.966284 0.025122 -0.840991 
 9.966284 0.025122 -0.840991 
 9.951929 0.003589 -0.852954 
 9.951929 0.003589 -0.852954 
 9.955518 -0.007178 -0.869702 
 9.955518 -0.007178 -0.869702 
 9.926806 0.001196 -0.864917 
 9.926806 0.001196 -0.864917 
 9.935181 0.010767 -0.845776 
 9.935181 0.010767 -0.845776 
 9.928003 -0.005981 -0.844580 
 9.928003 -0.005981 -0.844580 
 9.943555 -0.008374 -0.842188 
 9.943555 -0.008374 -0.842188 
 9.957911 0.015552 -0.845776 
 9.957911 0.015552 -0.845776 
 9.955518 -0.005981 -0.870898 
 9.955518 -0.005981 -0.870898 
 9.945948 -0.008374 -0.827832 
 9.945948 -0.008374 -0.827832 
 9.941162 0.004785 -0.848169 
 9.941162 0.004785 -0.848169 
 9.936377 0.009570 -0.868506 
 9.936377 0.009570 -0.868506 
 9.938769 0.001196 -0.856543 
 9.938769 0.001196 -0.856543 
 9.942358 -0.009570 -0.867310 
 9.942358 -0.009570 -0.867310 
 9.938769 0.000000 -0.848169 
 9.938769 0.000000 -0.848169 
 9.933985 -0.010767 -0.858936 
 9.933985 -0.010767 -0.858936 
 9.944751 0.005981 -0.856543 
 9.944751 0.005981 -0.856543 
 9.942358 0.008374 -0.839795 
 9.942358 0.008374 -0.839795 
 9.956714 0.004785 -0.831421 
 9.956714 0.004785 -0.831421 
 9.947144 0.011963 -0.849365 
 9.947144 0.011963 -0.849365 
 9.941162 0.008374 -0.852954 
 9.941162 0.008374 -0.852954 
 9.945948 -0.008374 -0.840991 
 9.945948 -0.008374 -0.840991 
 9.943555 0.000000 -0.840991 
 9.943555 0.000000 -0.840991 
 9.947144 0.014355 -0.831421 
 9.947144 0.014355 -0.831421 
 9.956714 0.011963 -0.868506 
 9.956714 0.011963 -0.868506 
 9.948339 0.021533 -0.838599 
 9.948339 0.021533 -0.838599 
 9.937573 0.008374 -0.856543 
 9.937573 0.008374 -0.856543 
 9.947144 0.008374 -0.857739 
 9.947144 0.008374 -0.857739 
 9.950732 -0.011963 -0.866113 
 9.950732 -0.011963 -0.866113 
 9.936377 0.001196 -0.858936 
 9.936377 0.001196 -0.858936 
 9.942358 0.004785 -0.893628 
 9.942358 0.004785 -0.893628 
 9.944751 -0.003589 -0.876880 
 9.944751 -0.003589 -0.876880 
 9.947144 0.002393 -0.864917 
 9.947144 0.002393 -0.864917 
 9.947144 0.010767 -0.830225 
 9.947144 0.010767 -0.830225 
 9.936377 -0.004785 -0.817065 
 9.936377 -0.004785 -0.817065 
 9.951929 0.001196 -0.848169 
 9.951929 0.001196 -0.848169 
 9.936377 0.008374 -0.852954 
 9.936377 0.008374 -0.852954 
 9.923218 0.013159 -0.854150 
 9.923218 0.013159 -0.854150 
 9.944751 0.019141 -0.842188 
 9.944751 0.019141 -0.842188 
 9.967481 0.002393 -0.851758 
 9.967481 0.002393 -0.851758 
 9.953125 0.008374 -0.840991 
 9.953125 0.008374 -0.840991 
 9.931592 -0.004785 -0.842188 
 9.931592 -0.004785 -0.842188 
 9.944751 0.003589 -0.851758 
 9.944751 0.003589 -0.851758 
 9.949536 0.002393 -0.856543 
 9.949536 0.002393 -0.856543 
 9.961499 -0.004785 -0.840991 
 9.961499 -0.004785 -0.840991 
 9.941162 -0.002393 -0.863721 
 9.941162 -0.002393 -0.863721 
 9.935181 0.000000 -0.819458 
 9.935181 0.000000 -0.819458 
 9.947144 -0.007178 -0.852954 
 9.947144 -0.007178 -0.852954 
 9.950732 0.001196 -0.861328 
 9.950732 0.001196 -0.861328 
 9.965088 0.000000 -0.855347 
 9.965088 0.000000 -0.855347 
 9.956714 0.020337 -0.848169 
 9.956714 0.020337 -0.848169 
 9.960302 0.000000 -0.806299 
 9.960302 0.000000 -0.806299 
 9.937573 -0.004785 -0.852954 
 9.937573 -0.004785 -0.852954 
 9.936377 0.004785 -0.858936 
 9.936377 0.004785 -0.858936 
 9.954321 -0.004785 -0.875684 
 9.954321 -0.004785 -0.875684 
 9.947144 0.015552 -0.870898 
 9.947144 0.015552 -0.870898 
 9.971069 0.023926 -0.862524 
 9.971069 0.023926 -0.862524 
 9.959106 0.000000 -0.860132 
 9.959106 0.000000 -0.860132 
 9.944751 0.004785 -0.827832 
 9.944751 0.004785 -0.827832 
 9.937573 0.014355 -0.864917 
 9.937573 0.014355 -0.864917 
 9.937573 0.021533 -0.855347 
 9.937573 0.021533 -0.855347 
 9.933985 -0.003589 -0.830225 
 9.933985 -0.003589 -0.830225 
 9.925611 0.002393 -0.843384 
 9.925611 0.002393 -0.843384 
 9.947144 0.004785 -0.848169 
 9.947144 0.004785 -0.848169 
 9.957911 -0.002393 -0.839795 
 9.957911 -0.002393 -0.839795 
 9.959106 0.001196 -0.842188 
 9.959106 0.001196 -0.842188 
 9.954321 -0.011963 -0.861328 
 9.954321 -0.011963 -0.861328 
 9.937573 0.011963 -0.839795 
 9.937573 0.011963 -0.839795 
 9.949536 0.002393 -0.833813 
 9.949536 0.002393 -0.833813 
 9.959106 0.011963 -0.835010 
 9.959106 0.011963 -0.835010 
 9.951929 0.003589 -0.840991 
 9.951929 0.003589 -0.840991 
 9.926806 -0.011963 -0.846973 
 9.926806 -0.011963 -0.846973 
 9.937573 0.003589 -0.870898 
 9.937573 0.003589 -0.870898 
 9.942358 0.013159 -0.845776 
 9.942358 0.013159 -0.845776 
 9.938769 0.014355 -0.855347 
 9.938769 0.014355 -0.855347 
 9.947144 -0.003589 -0.872095 
 9.947144 -0.003589 -0.872095 
 9.937573 -0.007178 -0.843384 
 9.937573 -0.007178 -0.843384 
 9.944751 0.000000 -0.857739 
 9.944751 0.000000 -0.857739 
 9.955518 -0.002393 -0.880469 
 9.955518 -0.002393 -0.880469 
 9.957911 0.025122 -0.870898 
 9.957911 0.025122 -0.870898 
 9.966284 0.007178 -0.839795 
 9.966284 0.007178 -0.839795 
 9.949536 -0.001196 -0.870898 
 9.949536 -0.001196 -0.870898 
 9.941162 0.009570 -0.855347 
 9.941162 0.009570 -0.855347 
 9.941162 -0.002393 -0.873291 
 9.941162 -0.002393 -0.873291 
 9.950732 -0.001196 -0.852954 
 9.950732 -0.001196 -0.852954 
 9.939966 0.007178 -0.863721 
 9.939966 0.007178 -0.863721 
 9.938769 0.009570 -0.854150 
 9.938769 0.009570 -0.854150 
 9.930395 0.003589 -0.854150 
 9.930395 0.003589 -0.854150 
 9.931592 0.003589 -0.836206 
 9.931592 0.003589 -0.836206 
 9.933985 0.007178 -0.825439 
 9.933985 0.007178 -0.825439 
 9.960302 -0.004785 -0.850561 
 9.960302 -0.004785 -0.850561 
 9.954321 0.000000 -0.833813 
 9.954321 0.000000 -0.833813 
 9.932788 0.004785 -0.863721 
 9.932788 0.004785 -0.863721 
 9.942358 0.002393 -0.861328 
 9.942358 0.002393 -0.861328 
 9.936377 0.003589 -0.831421 
 9.936377 0.003589 -0.831421 
 9.961499 0.008374 -0.824243 
 9.961499 0.008374 -0.824243 
 9.944751 -0.002393 -0.873291 
 9.944751 -0.002393 -0.873291 
 9.932788 0.001196 -0.842188 
 9.932788 0.001196 -0.842188 
 9.949536 0.019141 -0.845776 
 9.949536 0.019141 -0.845776 
 9.959106 -0.016748 -0.852954 
 9.959106 -0.016748 -0.852954 
 9.963892 0.017944 -0.857739 
 9.963892 0.017944 -0.857739 
 9.947144 0.000000 -0.863721 
 9.947144 0.000000 -0.863721 
 9.955518 0.002393 -0.851758 
 9.955518 0.002393 -0.851758 
 9.937573 0.011963 -0.873291 
 9.937573 0.011963 -0.873291 
 9.935181 0.021533 -0.839795 
 9.935181 0.021533 -0.839795 
 9.945948 0.017944 -0.849365 
 9.945948 0.017944 -0.849365 
 9.943555 -0.003589 -0.831421 
 9.943555 -0.003589 -0.831421 
 9.942358 0.007178 -0.857739 
 9.942358 0.007178 -0.857739 
 9.938769 0.017944 -0.844580 
 9.938769 0.017944 -0.844580 
 9.944751 -0.001196 -0.857739 
 9.944751 -0.001196 -0.857739 
 9.938769 0.025122 -0.867310 
 9.938769 0.025122 -0.867310 
 9.937573 0.011963 -0.858936 
 9.937573 0.011963 -0.858936 
 9.967481 0.005981 -0.850561 
 9.967481 0.005981 -0.850561 
 9.949536 0.004785 -0.837402 
 9.949536 0.004785 -0.837402 
 9.935181 0.007178 -0.844580 
 9.935181 0.007178 -0.844580 
 9.935181 0.011963 -0.855347 
 9.935181 0.011963 -0.855347 
 9.945948 -0.007178 -0.818262 
 9.945948 -0.007178 -0.818262 
 9.936377 0.009570 -0.856543 
 9.936377 0.009570 -0.856543 
 9.948339 0.021533 -0.857739 
 9.948339 0.021533 -0.857739 
 9.924414 0.005981 -0.852954 
 9.924414 0.005981 -0.852954 
 9.945948 0.016748 -0.839795 
 9.945948 0.016748 -0.839795 
 9.938769 0.011963 -0.857739 
 9.938769 0.011963 -0.857739 
 9.954321 0.007178 -0.854150 
 9.954321 0.007178 -0.854150 
 9.953125 0.023926 -0.857739 
 9.953125 0.023926 -0.857739 
 9.950732 -0.014355 -0.861328 
 9.950732 -0.014355 -0.861328 
 9.941162 0.004785 -0.866113 
 9.941162 0.004785 -0.866113 
 9.939966 0.019141 -0.857739 
 9.939966 0.019141 -0.857739 
 9.945948 0.007178 -0.845776 
 9.945948 0.007178 -0.845776 
 9.951929 0.000000 -0.839795 
 9.951929 0.000000 -0.839795 
 9.942358 -0.001196 -0.825439 
 9.942358 -0.001196 -0.825439 
 9.939966 0.000000 -0.837402 
 9.939966 0.000000 -0.837402 
 9.947144 0.005981 -0.833813 
 9.947144 0.005981 -0.833813 
 9.945948 0.004785 -0.854150 
 9.945948 0.004785 -0.854150 
 9.948339 0.010767 -0.868506 
 9.948339 0.010767 -0.868506 
 9.959106 0.008374 -0.849365 
 9.959106 0.008374 -0.849365 
 9.950732 0.005981 -0.830225 
 9.950732 0.005981 -0.830225 
 9.950732 -0.004785 -0.858936 
 9.950732 -0.004785 -0.858936 
 9.925611 -0.010767 -0.856543 
 9.925611 -0.010767 -0.856543 
 9.926806 0.011963 -0.882861 
 9.926806 0.011963 -0.882861 
 9.931592 0.013159 -0.864917 
 9.931592 0.013159 -0.864917 
 9.918432 0.003589 -0.854150 
 9.918432 0.003589 -0.854150 
 9.931592 -0.008374 -0.866113 
 9.931592 -0.008374 -0.866113 
 9.937573 -0.015552 -0.870898 
 9.937573 -0.015552 -0.870898 
 9.945948 0.005981 -0.861328 
 9.945948 0.005981 -0.861328 
 9.955518 0.011963 -0.852954 
 9.955518 0.011963 -0.852954 
 9.936377 -0.005981 -0.864917 
 9.936377 -0.005981 -0.864917 
 9.919629 -0.001196 -0.830225 
 9.919629 -0.001196 -0.830225 
 9.949536 -0.002393 -0.870898 
 9.949536 -0.002393 -0.870898 
 9.973462 0.017944 -0.835010 
 9.973462 0.017944 -0.835010 
 9.962695 0.001196 -0.836206 
 9.962695 0.001196 -0.836206 
 9.948339 0.002393 -0.857739 
 9.948339 0.002393 -0.857739 
 9.937573 0.014355 -0.856543 
 9.937573 0.014355 -0.856543 
 9.954321 0.011963 -0.842188 
 9.954321 0.011963 -0.842188 
 9.944751 -0.003589 -0.886450 
 9.944751 -0.003589 -0.886450 
 9.939966 -0.002393 -0.851758 
 9.939966 -0.002393 -0.851758 
 9.963892 0.005981 -0.831421 
 9.963892 0.005981 -0.831421 
 9.931592 -0.001196 -0.845776 
 9.931592 -0.001196 -0.845776 
 9.956714 -0.003589 -0.846973 
 9.956714 -0.003589 -0.846973 
 9.953125 -0.008374 -0.869702 
 9.953125 -0.008374 -0.869702 
 9.941162 0.010767 -0.838599 
 9.941162 0.010767 -0.838599 
 9.931592 0.005981 -0.856543 
 9.931592 0.005981 -0.856543 
 9.956714 0.010767 -0.856543 
 9.956714 0.010767 -0.856543 
 9.941162 0.013159 -0.856543 
 9.941162 0.013159 -0.856543 
 9.953125 0.011963 -0.838599 
 9.953125 0.011963 -0.838599 
 9.932788 0.008374 -0.852954 
 9.932788 0.008374 -0.852954 
 9.929199 -0.009570 -0.835010 
 9.929199 -0.009570 -0.835010 
 9.935181 0.013159 -0.844580 
 9.935181 0.013159 -0.844580 
 9.937573 0.016748 -0.856543 
 9.937573 0.016748 -0.856543 
 9.945948 0.009570 -0.848169 
 9.945948 0.009570 -0.848169 
 9.949536 0.014355 -0.860132 
 9.949536 0.014355 -0.860132 
 9.942358 0.020337 -0.833813 
 9.942358 0.020337 -0.833813 
 9.945948 0.000000 -0.831421 
 9.945948 0.000000 -0.831421 
 9.947144 -0.001196 -0.843384 
 9.947144 -0.001196 -0.843384 
 9.947144 0.004785 -0.842188 
 9.947144 0.004785 -0.842188 
 9.931592 0.017944 -0.842188 
 9.931592 0.017944 -0.842188 
 9.924414 0.001196 -0.870898 
 9.924414 0.001196 -0.870898 
 9.954321 -0.003589 -0.838599 
 9.954321 -0.003589 -0.838599 
 9.945948 -0.015552 -0.846973 
 9.945948 -0.015552 -0.846973 
 9.944751 0.020337 -0.845776 
 9.944751 0.020337 -0.845776 
 9.945948 0.001196 -0.830225 
 9.945948 0.001196 -0.830225 
 9.959106 0.000000 -0.838599 
 9.959106 0.000000 -0.838599 
 9.949536 0.007178 -0.860132 
 9.949536 0.007178 -0.860132 
 9.949536 -0.019141 -0.868506 
 9.949536 -0.019141 -0.868506 
 9.947144 0.014355 -0.858936 
 9.947144 0.014355 -0.858936 
 9.954321 0.014355 -0.821851 
 9.954321 0.014355 -0.821851 
 9.944751 0.003589 -0.838599 
 9.944751 0.003589 -0.838599 
 9.932788 0.005981 -0.860132 
 9.932788 0.005981 -0.860132 
 9.937573 0.003589 -0.843384 
 9.937573 0.003589 -0.843384 
 9.953125 0.001196 -0.838599 
 9.953125 0.001196 -0.838599 
 9.963892 -0.003589 -0.825439 
 9.963892 -0.003589 -0.825439 
 9.944751 0.003589 -0.843384 
 9.944751 0.003589 -0.843384 
 9.926806 0.008374 -0.849365 
 9.926806 0.008374 -0.849365 
 9.947144 0.004785 -0.843384 
 9.947144 0.004785 -0.843384 
 9.935181 0.013159 -0.860132 
 9.935181 0.013159 -0.860132 
 9.955518 0.009570 -0.819458 
 9.955518 0.009570 -0.819458 
 9.951929 0.004785 -0.844580 
 9.951929 0.004785 -0.844580 
 9.937573 0.011963 -0.860132 
 9.937573 0.011963 -0.860132 
 9.949536 0.013159 -0.857739 
 9.949536 0.013159 -0.857739 
 9.949536 -0.013159 -0.852954 
 9.949536 -0.013159 -0.852954 
 9.950732 0.001196 -0.829028 
 9.950732 0.001196 -0.829028 
 9.936377 0.019141 -0.848169 
 9.936377 0.019141 -0.848169 
 9.945948 -0.005981 -0.862524 
 9.945948 -0.005981 -0.862524 
 9.956714 0.001196 -0.846973 
 9.956714 0.001196 -0.846973 
 9.950732 0.004785 -0.861328 
 9.950732 0.004785 -0.861328 
 9.935181 0.008374 -0.842188 
 9.935181 0.008374 -0.842188 
 9.938769 0.008374 -0.852954 
 9.938769 0.008374 -0.852954 
 9.944751 0.002393 -0.857739 
 9.944751 0.002393 -0.857739 
 9.950732 -0.008374 -0.813477 
 9.950732 -0.008374 -0.813477 
 9.941162 0.004785 -0.842188 
 9.941162 0.004785 -0.842188 
 9.959106 0.010767 -0.864917 
 9.959106 0.010767 -0.864917 
 9.937573 0.005981 -0.862524 
 9.937573 0.005981 -0.862524 
 9.924414 -0.008374 -0.818262 
 9.924414 -0.008374 -0.818262 
 9.942358 0.003589 -0.831421 
 9.942358 0.003589 -0.831421 
 9.960302 0.008374 -0.849365 
 9.960302 0.008374 -0.849365 
 9.956714 0.007178 -0.857739 
 9.956714 0.007178 -0.857739 
 9.957911 0.008374 -0.870898 
 9.957911 0.008374 -0.870898 
 9.937573 -0.010767 -0.851758 
 9.937573 -0.010767 -0.851758 
 9.954321 0.009570 -0.862524 
 9.954321 0.009570 -0.862524 
 9.941162 0.007178 -0.850561 
 9.941162 0.007178 -0.850561 
 9.929199 0.021533 -0.857739 
 9.929199 0.021533 -0.857739 
 9.942358 0.003589 -0.858936 
 9.942358 0.003589 -0.858936 
 9.947144 -0.002393 -0.848169 
 9.947144 -0.002393 -0.848169 
 9.960302 0.005981 -0.844580 
 9.960302 0.005981 -0.844580 
 9.953125 0.015552 -0.849365 
 9.953125 0.015552 -0.849365 
 9.951929 0.001196 -0.814673 
 9.951929 0.001196 -0.814673 
 9.950732 -0.011963 -0.846973 
 9.950732 -0.011963 -0.846973 
 9.936377 0.011963 -0.837402 
 9.936377 0.011963 -0.837402 
 9.941162 0.013159 -0.850561 
 9.941162 0.013159 -0.850561 
 9.949536 -0.005981 -0.881665 
 9.949536 -0.005981 -0.881665 
 9.944751 0.011963 -0.879272 
 9.944751 0.011963 -0.879272 
 9.937573 0.026318 -0.849365 
 9.937573 0.026318 -0.849365 
 9.944751 -0.003589 -0.848169 
 9.944751 -0.003589 -0.848169 
 9.956714 0.008374 -0.857739 
 9.956714 0.008374 -0.857739 
 9.938769 0.017944 -0.833813 
 9.938769 0.017944 -0.833813 
 9.938769 0.007178 -0.830225 
 9.938769 0.007178 -0.830225 
 9.923218 0.010767 -0.845776 
 9.923218 0.010767 -0.845776 
 9.941162 0.023926 -0.852954 
 9.941162 0.023926 -0.852954 
 9.942358 0.009570 -0.863721 
 9.942358 0.009570 -0.863721 
 9.941162 -0.008374 -0.850561 
 9.941162 -0.008374 -0.850561 
 9.933985 0.007178 -0.861328 
 9.933985 0.007178 -0.861328 
 9.947144 0.035889 -0.848169 
 9.947144 0.035889 -0.848169 
 9.925611 0.003589 -0.848169 
 9.925611 0.003589 -0.848169 
 9.919629 0.015552 -0.856543 
 9.919629 0.015552 -0.856543 
 9.948339 0.014355 -0.845776 
 9.948339 0.014355 -0.845776 
 9.943555 0.000000 -0.850561 
 9.943555 0.000000 -0.850561 
 9.939966 0.001196 -0.870898 
 9.945948 0.007178 -0.861328 
 9.945948 0.007178 -0.861328 
 9.951929 0.013159 -0.866113 
 9.951929 0.013159 -0.866113 
 9.941162 0.020337 -0.846973 
 9.941162 0.020337 -0.846973 
 9.937573 0.004785 -0.856543 
 9.937573 0.004785 -0.856543 
 9.956714 0.001196 -0.846973 
 9.956714 0.001196 -0.846973 
 9.942358 0.015552 -0.849365 
 9.942358 0.015552 -0.849365 
 9.954321 0.007178 -0.850561 
 9.954321 0.007178 -0.850561 
 9.966284 -0.004785 -0.879272 
 9.966284 -0.004785 -0.879272 
 9.942358 -0.017944 -0.842188 
 9.942358 -0.017944 -0.842188 
 9.918432 0.002393 -0.844580 
 9.918432 0.002393 -0.844580 
 9.928003 -0.004785 -0.839795 
 9.928003 -0.004785 -0.839795 
 9.947144 0.007178 -0.867310 
 9.947144 0.007178 -0.867310 
 9.939966 -0.009570 -0.826636 
 9.939966 -0.009570 -0.826636 
 9.932788 0.000000 -0.845776 
 9.932788 0.000000 -0.845776 
 9.936377 0.003589 -0.836206 
 9.936377 0.003589 -0.836206 
 9.945948 -0.009570 -0.842188 
 9.945948 -0.009570 -0.842188 
 9.930395 0.017944 -0.850561 
 9.930395 0.017944 -0.850561 
 9.951929 -0.003589 -0.848169 
 9.951929 -0.003589 -0.848169 
 9.944751 0.003589 -0.833813 
 9.944751 0.003589 -0.833813 
 9.935181 -0.002393 -0.864917 
 9.935181 -0.002393 -0.864917 
 9.937573 0.001196 -0.826636 
 9.937573 0.001196 -0.826636 
 9.925611 0.009570 -0.852954 
 9.925611 0.009570 -0.852954 
 9.933985 0.001196 -0.858936 
 9.933985 0.001196 -0.858936 
 9.948339 -0.002393 -0.846973 
 9.948339 -0.002393 -0.846973 
 9.936377 0.004785 -0.852954 
 9.936377 0.004785 -0.852954 
 9.933985 -0.004785 -0.833813 
 9.933985 -0.004785 -0.833813 
 9.948339 -0.008374 -0.855347 
 9.948339 -0.008374 -0.855347 
 9.948339 0.011963 -0.873291 
 9.948339 0.011963 -0.873291 
 9.957911 0.002393 -0.835010 
 9.957911 0.002393 -0.835010 
 9.931592 0.002393 -0.862524 
 9.931592 0.002393 -0.862524 
 9.928003 -0.004785 -0.857739 
 9.928003 -0.004785 -0.857739 
 9.938769 -0.005981 -0.842188 
 9.938769 -0.005981 -0.842188 
 9.949536 0.011963 -0.849365 
 9.949536 0.011963 -0.849365 
 9.941162 0.001196 -0.855347 
 9.941162 0.001196 -0.855347 
 9.953125 0.001196 -0.845776 
 9.953125 0.001196 -0.845776 
 9.938769 0.011963 -0.857739 
 9.938769 0.011963 -0.857739 
 9.938769 0.005981 -0.835010 
 9.938769 0.005981 -0.835010 
 9.937573 0.000000 -0.835010 
 9.937573 0.000000 -0.835010 
 9.928003 -0.005981 -0.849365 
 9.928003 -0.005981 -0.849365 
 9.932788 0.020337 -0.858936 
 9.932788 0.020337 -0.858936 
 9.949536 0.017944 -0.857739 
 9.949536 0.017944 -0.857739 
 9.922022 0.000000 -0.850561 
 9.922022 0.000000 -0.850561 
 9.944751 0.000000 -0.846973 
 9.944751 0.000000 -0.846973 
 9.960302 0.009570 -0.844580 
 9.960302 0.009570 -0.844580 
 9.961499 0.004785 -0.824243 
 9.961499 0.004785 -0.824243 
 9.955518 0.027515 -0.874487 
 9.955518 0.027515 -0.874487 
 9.932788 0.021533 -0.866113 
 9.932788 0.021533 -0.866113 
 9.966284 -0.003589 -0.857739 
 9.966284 -0.003589 -0.857739 
 9.962695 -0.001196 -0.855347 
 9.962695 -0.001196 -0.855347 
 9.951929 0.011963 -0.866113 
 9.951929 0.011963 -0.866113 
 9.942358 -0.004785 -0.829028 
 9.942358 -0.004785 -0.829028 
 9.948339 -0.003589 -0.860132 
 9.948339 -0.003589 -0.860132 
 9.932788 0.019141 -0.846973 
 9.932788 0.019141 -0.846973 
 9.961499 -0.002393 -0.845776 
 9.961499 -0.002393 -0.845776 
 9.953125 -0.001196 -0.863721 
 9.953125 -0.001196 -0.863721 
 9.944751 0.013159 -0.843384 
 9.944751 0.013159 -0.843384 
 9.944751 -0.003589 -0.840991 
 9.944751 -0.003589 -0.840991 
 9.941162 0.013159 -0.856543 
 9.941162 0.013159 -0.856543 
 9.943555 0.009570 -0.857739 
 9.943555 0.009570 -0.857739 
 9.954321 0.005981 -0.879272 
 9.954321 0.005981 -0.879272 
 9.944751 -0.004785 -0.873291 
 9.944751 -0.004785 -0.873291 
 9.939966 0.015552 -0.844580 
 9.939966 0.015552 -0.844580 
 9.943555 0.011963 -0.840991 
 9.943555 0.011963 -0.840991 
 9.963892 0.001196 -0.856543 
 9.963892 0.001196 -0.856543 
 9.949536 0.005981 -0.832617 
 9.949536 0.005981 -0.832617 
 9.945948 0.003589 -0.861328 
 9.945948 0.003589 -0.861328 
 9.931592 -0.003589 -0.878076 
 9.931592 -0.003589 -0.878076 
 9.933985 0.004785 -0.844580 
 9.933985 0.004785 -0.844580 
 9.939966 0.013159 -0.848169 
 9.939966 0.013159 -0.848169 
 9.941162 0.001196 -0.863721 
 9.941162 0.001196 -0.863721 
 9.930395 0.019141 -0.876880 
 9.930395 0.019141 -0.876880 
 9.960302 0.011963 -0.861328 
 9.960302 0.011963 -0.861328 
 9.948339 0.028711 -0.849365 
 9.948339 0.028711 -0.849365 
 9.947144 0.000000 -0.840991 
 9.947144 0.000000 -0.840991 
 9.948339 0.010767 -0.858936 
 9.948339 0.010767 -0.858936 
 9.935181 -0.014355 -0.848169 
 9.935181 -0.014355 -0.848169 
 9.929199 0.003589 -0.846973 
 9.929199 0.003589 -0.846973 
 9.943555 0.009570 -0.843384 
 9.943555 0.009570 -0.843384 
 9.929199 0.005981 -0.829028 
 9.929199 0.005981 -0.829028 
 9.951929 0.017944 -0.878076 
 9.951929 0.017944 -0.878076 
 9.953125 0.007178 -0.843384 
 9.953125 0.007178 -0.843384 
 9.956714 -0.009570 -0.848169 
 9.956714 -0.009570 -0.848169 
 9.941162 0.001196 -0.849365 
 9.941162 0.001196 -0.849365 
 9.950732 0.008374 -0.846973 
 9.950732 0.008374 -0.846973 
 9.928003 0.004785 -0.849365 
 9.928003 0.004785 -0.849365 
 9.941162 0.021533 -0.846973 
 9.941162 0.021533 -0.846973 
 9.939966 0.001196 -0.833813 
 9.939966 0.001196 -0.833813 
 9.951929 0.009570 -0.855347 
 9.951929 0.009570 -0.855347 
 9.951929 0.016748 -0.864917 
 9.951929 0.016748 -0.864917 
 9.941162 0.003589 -0.869702 
 9.941162 0.003589 -0.869702 
 9.939966 0.008374 -0.850561 
 9.939966 0.008374 -0.850561 
 9.962695 -0.007178 -0.844580 
 9.962695 -0.007178 -0.844580 
 9.939966 0.005981 -0.835010 
 9.939966 0.005981 -0.835010 
 9.947144 -0.011963 -0.850561 
 9.947144 -0.011963 -0.850561 
 9.950732 -0.003589 -0.856543 
 9.950732 -0.003589 -0.856543 
 9.948339 0.014355 -0.836206 
 9.948339 0.014355 -0.836206 
 9.937573 0.013159 -0.870898 
 9.937573 0.013159 -0.870898 
 9.931592 0.014355 -0.879272 
 9.931592 0.014355 -0.879272 
 9.943555 0.007178 -0.843384 
 9.943555 0.007178 -0.843384 
 9.938769 -0.001196 -0.838599 
 9.938769 -0.001196 -0.838599 
 9.939966 0.011963 -0.849365 
 9.939966 0.011963 -0.849365 
 9.954321 0.014355 -0.855347 
 9.954321 0.014355 -0.855347 
 9.933985 0.011963 -0.839795 
 9.933985 0.011963 -0.839795 
 9.925611 -0.001196 -0.838599 
 9.925611 -0.001196 -0.838599 
 9.930395 0.015552 -0.870898 
 9.930395 0.015552 -0.870898 
 9.931592 -0.001196 -0.826636 
 9.931592 -0.001196 -0.826636 
 9.942358 0.011963 -0.833813 
 9.942358 0.011963 -0.833813 
 9.945948 0.008374 -0.869702 
 9.945948 0.008374 -0.869702 
 9.937573 0.001196 -0.823047 
 9.937573 0.001196 -0.823047 
 9.949536 0.003589 -0.864917 
 9.949536 0.003589 -0.864917 
 9.950732 0.000000 -0.866113 
 9.950732 0.000000 -0.866113 
 9.957911 0.011963 -0.855347 
 9.957911 0.011963 -0.855347 
 9.969873 0.007178 -0.823047 
 9.969873 0.007178 -0.823047 
 9.948339 0.010767 -0.845776 
 