0.367261 -9.760523 -0.843384 
 0.367261 -9.760523 -0.843384 
 0.369653 -9.765307 -0.866113 
 0.369653 -9.765307 -0.866113 
 0.355298 -9.779663 -0.854150 
 0.355298 -9.779663 -0.854150 
 0.363672 -9.774878 -0.846973 
 0.363672 -9.774878 -0.846973 
 0.369653 -9.779663 -0.860132 
 0.369653 -9.779663 -0.860132 
 0.363672 -9.761719 -0.856543 
 0.363672 -9.761719 -0.856543 
 0.356494 -9.777270 -0.861328 
 0.356494 -9.777270 -0.861328 
 0.363672 -9.767700 -0.848169 
 0.363672 -9.767700 -0.848169 
 0.362476 -9.761719 -0.857739 
 0.362476 -9.761719 -0.857739 
 0.346924 -9.770093 -0.845776 
 0.346924 -9.770093 -0.845776 
 0.366064 -9.761719 -0.854150 
 0.366064 -9.761719 -0.854150 
 0.361279 -9.747363 -0.875684 
 0.361279 -9.747363 -0.875684 
 0.354102 -9.768896 -0.879272 
 0.354102 -9.768896 -0.879272 
 0.337354 -9.767700 -0.869702 
 0.337354 -9.767700 -0.869702 
 0.361279 -9.761719 -0.866113 
 0.361279 -9.761719 -0.866113 
 0.368457 -9.776074 -0.868506 
 0.368457 -9.776074 -0.868506 
 0.373242 -9.780859 -0.864917 
 0.373242 -9.780859 -0.864917 
 0.354102 -9.767700 -0.869702 
 0.354102 -9.767700 -0.869702 
 0.340942 -9.782056 -0.860132 
 0.340942 -9.782056 -0.860132 
 0.350513 -9.776074 -0.838599 
 0.350513 -9.776074 -0.838599 
 0.363672 -9.771289 -0.845776 
 0.363672 -9.771289 -0.845776 
 0.340942 -9.776074 -0.875684 
 0.340942 -9.776074 -0.875684 
 0.348120 -9.748560 -0.874487 
 0.348120 -9.748560 -0.874487 
 0.364868 -9.788037 -0.854150 
 0.364868 -9.788037 -0.854150 
 0.380420 -9.766504 -0.848169 
 0.380420 -9.766504 -0.848169 
 0.356494 -9.761719 -0.836206 
 0.356494 -9.761719 -0.836206 
 0.349316 -9.779663 -0.862524 
 0.349316 -9.779663 -0.862524 
 0.343335 -9.766504 -0.870898 
 0.343335 -9.766504 -0.870898 
 0.370850 -9.765307 -0.858936 
 0.370850 -9.765307 -0.858936 
 0.367261 -9.782056 -0.852954 
 0.367261 -9.782056 -0.852954 
 0.345728 -9.770093 -0.840991 
 0.345728 -9.770093 -0.840991 
 0.356494 -9.779663 -0.866113 
 0.356494 -9.779663 -0.866113 
 0.352905 -9.768896 -0.860132 
 0.352905 -9.768896 -0.860132 
 0.350513 -9.765307 -0.893628 
 0.350513 -9.765307 -0.893628 
 0.360083 -9.772486 -0.879272 
 0.360083 -9.772486 -0.879272 
 0.345728 -9.768896 -0.854150 
 0.345728 -9.768896 -0.854150 
 0.358887 -9.779663 -0.878076 
 0.358887 -9.779663 -0.878076 
 0.370850 -9.761719 -0.903198 
 0.370850 -9.761719 -0.903198 
 0.374438 -9.776074 -0.837402 
 0.374438 -9.776074 -0.837402 
 0.346924 -9.770093 -0.850561 
 0.346924 -9.770093 -0.850561 
 0.352905 -9.760523 -0.851758 
 0.352905 -9.760523 -0.851758 
 0.343335 -9.759326 -0.830225 
 0.343335 -9.759326 -0.830225 
 0.362476 -9.779663 -0.862524 
 0.362476 -9.779663 -0.862524 
 0.355298 -9.785645 -0.848169 
 0.355298 -9.785645 -0.848169 
 0.360083 -9.766504 -0.858936 
 0.360083 -9.766504 -0.858936 
 0.356494 -9.771289 -0.861328 
 0.356494 -9.771289 -0.861328 
 0.357690 -9.746167 -0.869702 
 0.357690 -9.746167 -0.869702 
 0.378027 -9.754541 -0.849365 
 0.378027 -9.754541 -0.849365 
 0.370850 -9.755737 -0.874487 
 0.370850 -9.755737 -0.874487 
 0.336157 -9.776074 -0.862524 
 0.336157 -9.776074 -0.862524 
 0.374438 -9.766504 -0.878076 
 0.374438 -9.766504 -0.878076 
 0.384009 -9.738989 -0.870898 
 0.384009 -9.738989 -0.870898 
 0.368457 -9.765307 -0.835010 
 0.368457 -9.765307 -0.835010 
 0.356494 -9.752149 -0.840991 
 0.356494 -9.752149 -0.840991 
 0.369653 -9.755737 -0.864917 
 0.369653 -9.755737 -0.864917 
 0.363672 -9.762915 -0.854150 
 0.363672 -9.762915 -0.854150 
 0.384009 -9.768896 -0.852954 
 0.384009 -9.768896 -0.852954 
 0.366064 -9.750952 -0.872095 
 0.366064 -9.750952 -0.872095 
 0.362476 -9.768896 -0.858936 
 0.362476 -9.768896 -0.858936 
 0.367261 -9.770093 -0.862524 
 0.367261 -9.770093 -0.862524 
 0.355298 -9.777270 -0.846973 
 0.355298 -9.777270 -0.846973 
 0.350513 -9.776074 -0.844580 
 0.350513 -9.776074 -0.844580 
 0.368457 -9.784449 -0.854150 
 0.368457 -9.784449 -0.854150 
 0.362476 -9.764112 -0.846973 
 0.362476 -9.764112 -0.846973 
 0.363672 -9.785645 -0.862524 
 0.363672 -9.785645 -0.862524 
 0.345728 -9.765307 -0.851758 
 0.345728 -9.765307 -0.851758 
 0.346924 -9.783252 -0.884058 
 0.346924 -9.783252 -0.884058 
 0.357690 -9.768896 -0.868506 
 0.357690 -9.768896 -0.868506 
 0.370850 -9.749756 -0.882861 
 0.370850 -9.749756 -0.882861 
 0.378027 -9.755737 -0.845776 
 0.378027 -9.755737 -0.845776 
 0.378027 -9.779663 -0.827832 
 0.378027 -9.779663 -0.827832 
 0.374438 -9.765307 -0.846973 
 0.374438 -9.765307 -0.846973 
 0.374438 -9.774878 -0.851758 
 0.374438 -9.774878 -0.851758 
 0.364868 -9.778467 -0.844580 
 0.364868 -9.778467 -0.844580 
 0.358887 -9.768896 -0.884058 
 0.358887 -9.768896 -0.884058 
 0.374438 -9.785645 -0.842188 
 0.374438 -9.785645 -0.842188 
 0.352905 -9.767700 -0.843384 
 0.352905 -9.767700 -0.843384 
 0.361279 -9.766504 -0.868506 
 0.361279 -9.766504 -0.868506 
 0.355298 -9.761719 -0.848169 
 0.355298 -9.761719 -0.848169 
 0.384009 -9.778467 -0.840991 
 0.384009 -9.778467 -0.840991 
 0.352905 -9.754541 -0.851758 
 0.352905 -9.754541 -0.851758 
 0.348120 -9.773682 -0.856543 
 0.348120 -9.773682 -0.856543 
 0.366064 -9.800000 -0.861328 
 0.366064 -9.800000 -0.861328 
 0.381616 -9.783252 -0.848169 
 0.381616 -9.783252 -0.848169 
 0.362476 -9.770093 -0.881665 
 0.362476 -9.770093 -0.881665 
 0.372046 -9.768896 -0.842188 
 0.372046 -9.768896 -0.842188 
 0.352905 -9.782056 -0.849365 
 0.352905 -9.782056 -0.849365 
 0.376831 -9.788037 -0.869702 
 0.376831 -9.788037 -0.869702 
 0.367261 -9.773682 -0.836206 
 0.367261 -9.773682 -0.836206 
 0.351709 -9.752149 -0.850561 
 0.351709 -9.752149 -0.850561 
 0.348120 -9.761719 -0.862524 
 0.348120 -9.761719 -0.862524 
 0.364868 -9.749756 -0.856543 
 0.364868 -9.749756 -0.856543 
 0.356494 -9.765307 -0.846973 
 0.356494 -9.765307 -0.846973 
 0.367261 -9.772486 -0.845776 
 0.367261 -9.772486 -0.845776 
 0.352905 -9.759326 -0.866113 
 0.352905 -9.759326 -0.866113 
 0.348120 -9.782056 -0.842188 
 0.348120 -9.782056 -0.842188 
 0.349316 -9.785645 -0.870898 
 0.349316 -9.785645 -0.870898 
 0.355298 -9.783252 -0.850561 
 0.355298 -9.783252 -0.850561 
 0.356494 -9.753345 -0.852954 
 0.356494 -9.753345 -0.852954 
 0.361279 -9.780859 -0.858936 
 0.361279 -9.780859 -0.858936 
 0.364868 -9.760523 -0.873291 
 0.364868 -9.760523 -0.873291 
 0.355298 -9.759326 -0.863721 
 0.355298 -9.759326 -0.863721 
 0.363672 -9.776074 -0.867310 
 0.363672 -9.776074 -0.867310 
 0.358887 -9.766504 -0.860132 
 0.358887 -9.766504 -0.860132 
 0.385205 -9.771289 -0.855347 
 0.385205 -9.771289 -0.855347 
 0.355298 -9.761719 -0.843384 
 0.355298 -9.761719 -0.843384 
 0.351709 -9.779663 -0.836206 
 0.351709 -9.779663 -0.836206 
 0.343335 -9.749756 -0.842188 
 0.343335 -9.749756 -0.842188 
 0.369653 -9.778467 -0.837402 
 0.369653 -9.778467 -0.837402 
 0.369653 -9.752149 -0.837402 
 0.369653 -9.752149 -0.837402 
 0.354102 -9.764112 -0.850561 
 0.354102 -9.764112 -0.850561 
 0.366064 -9.759326 -0.824243 
 0.366064 -9.759326 -0.824243 
 0.358887 -9.764112 -0.875684 
 0.358887 -9.764112 -0.875684 
 0.363672 -9.776074 -0.825439 
 0.363672 -9.776074 -0.825439 
 0.355298 -9.802393 -0.860132 
 0.355298 -9.802393 -0.860132 
 0.352905 -9.759326 -0.852954 
 0.352905 -9.759326 -0.852954 
 0.363672 -9.762915 -0.839795 
 0.363672 -9.762915 -0.839795 
 0.356494 -9.772486 -0.861328 
 0.356494 -9.772486 -0.861328 
 0.368457 -9.779663 -0.848169 
 0.368457 -9.779663 -0.848169 
 0.357690 -9.768896 -0.862524 
 0.357690 -9.768896 -0.862524 
 0.349316 -9.767700 -0.854150 
 0.349316 -9.767700 -0.854150 
 0.351709 -9.768896 -0.862524 
 0.351709 -9.768896 -0.862524 
 0.366064 -9.777270 -0.854150 
 0.366064 -9.777270 -0.854150 
 0.370850 -9.750952 -0.855347 
 0.370850 -9.750952 -0.855347 
 0.343335 -9.759326 -0.848169 
 0.343335 -9.759326 -0.848169 
 0.360083 -9.754541 -0.845776 
 0.360083 -9.754541 -0.845776 
 0.358887 -9.764112 -0.846973 
 0.358887 -9.764112 -0.846973 
 0.363672 -9.768896 -0.870898 
 0.363672 -9.768896 -0.870898 
 0.357690 -9.782056 -0.848169 
 0.357690 -9.782056 -0.848169 
 0.357690 -9.783252 -0.851758 
 0.357690 -9.783252 -0.851758 
 0.342139 -9.770093 -0.855347 
 0.342139 -9.770093 -0.855347 
 0.340942 -9.774878 -0.836206 
 0.340942 -9.774878 -0.836206 
 0.363672 -9.760523 -0.845776 
 0.363672 -9.760523 -0.845776 
 0.366064 -9.770093 -0.861328 
 0.366064 -9.770093 -0.861328 
 0.367261 -9.780859 -0.860132 
 0.367261 -9.780859 -0.860132 
 0.375635 -9.765307 -0.861328 
 0.375635 -9.765307 -0.861328 
 0.366064 -9.779663 -0.873291 
 0.366064 -9.779663 -0.873291 
 0.362476 -9.782056 -0.868506 
 0.362476 -9.782056 -0.868506 
 0.351709 -9.767700 -0.866113 
 0.351709 -9.767700 -0.866113 
 0.357690 -9.770093 -0.890039 
 0.357690 -9.770093 -0.890039 
 0.358887 -9.761719 -0.861328 
 0.358887 -9.761719 -0.861328 
 0.355298 -9.762915 -0.845776 
 0.355298 -9.762915 -0.845776 
 0.350513 -9.760523 -0.849365 
 0.350513 -9.760523 -0.849365 
 0.350513 -9.776074 -0.872095 
 0.350513 -9.776074 -0.872095 
 0.364868 -9.770093 -0.875684 
 0.364868 -9.770093 -0.875684 
 0.385205 -9.779663 -0.843384 
 0.385205 -9.779663 -0.843384 
 0.369653 -9.767700 -0.850561 
 0.369653 -9.767700 -0.850561 
 0.352905 -9.774878 -0.831421 
 0.352905 -9.774878 -0.831421 
 0.350513 -9.761719 -0.857739 
 0.350513 -9.761719 -0.857739 
 0.346924 -9.778467 -0.826636 
 0.346924 -9.778467 -0.826636 
 0.372046 -9.767700 -0.856543 
 0.372046 -9.767700 -0.856543 
 0.367261 -9.758130 -0.840991 
 0.367261 -9.758130 -0.840991 
 0.374438 -9.753345 -0.844580 
 0.374438 -9.753345 -0.844580 
 0.358887 -9.765307 -0.844580 
 0.358887 -9.765307 -0.844580 
 0.357690 -9.758130 -0.851758 
 0.357690 -9.758130 -0.851758 
 0.361279 -9.777270 -0.848169 
 0.361279 -9.777270 -0.848169 
 0.368457 -9.762915 -0.855347 
 0.368457 -9.762915 -0.855347 
 0.360083 -9.771289 -0.844580 
 0.360083 -9.771289 -0.844580 
 0.349316 -9.776074 -0.850561 
 0.349316 -9.776074 -0.850561 
 0.343335 -9.758130 -0.845776 
 0.343335 -9.758130 -0.845776 
 0.372046 -9.766504 -0.856543 
 0.372046 -9.766504 -0.856543 
 0.372046 -9.767700 -0.862524 
 0.372046 -9.767700 -0.862524 
 0.367261 -9.770093 -0.874487 
 0.367261 -9.770093 -0.874487 
 0.374438 -9.749756 -0.856543 
 0.374438 -9.749756 -0.856543 
 0.356494 -9.780859 -0.862524 
 0.356494 -9.780859 -0.862524 
 0.348120 -9.762915 -0.851758 
 0.348120 -9.762915 -0.851758 
 0.369653 -9.771289 -0.844580 
 0.369653 -9.771289 -0.844580 
 0.348120 -9.766504 -0.838599 
 0.348120 -9.766504 -0.838599 
 0.349316 -9.779663 -0.872095 
 0.349316 -9.779663 -0.872095 
 0.367261 -9.760523 -0.846973 
 0.367261 -9.760523 -0.846973 
 0.338550 -9.765307 -0.875684 
 0.338550 -9.765307 -0.875684 
 0.351709 -9.783252 -0.838599 
 0.351709 -9.783252 -0.838599 
 0.363672 -9.782056 -0.866113 
 0.362476 -9.767700 -0.852954 
 0.362476 -9.767700 -0.852954 
 0.356494 -9.783252 -0.868506 
 0.356494 -9.783252 -0.868506 
 0.358887 -9.790430 -0.849365 
 0.358887 -9.790430 -0.849365 
 0.360083 -9.770093 -0.868506 
 0.360083 -9.770093 -0.868506 
 0.362476 -9.776074 -0.854150 
 0.362476 -9.776074 -0.854150 
 0.352905 -9.783252 -0.850561 
 0.352905 -9.783252 -0.850561 
 0.345728 -9.758130 -0.876880 
 0.345728 -9.758130 -0.876880 
 0.357690 -9.750952 -0.846973 
 0.357690 -9.750952 -0.846973 
 0.355298 -9.777270 -0.863721 
 0.355298 -9.777270 -0.863721 
 0.363672 -9.759326 -0.857739 
 0.363672 -9.759326 -0.857739 
 0.376831 -9.760523 -0.843384 
 0.376831 -9.760523 -0.843384 
 0.348120 -9.788037 -0.858936 
 0.348120 -9.788037 -0.858936 
 0.358887 -9.777270 -0.875684 
 0.358887 -9.777270 -0.875684 
 0.372046 -9.779663 -0.851758 
 0.372046 -9.779663 -0.851758 
 0.352905 -9.777270 -0.892432 
 0.352905 -9.777270 -0.892432 
 0.346924 -9.772486 -0.857739 
 0.346924 -9.772486 -0.857739 
 0.342139 -9.777270 -0.850561 
 0.342139 -9.777270 -0.850561 
 0.363672 -9.744970 -0.872095 
 0.363672 -9.744970 -0.872095 
 0.354102 -9.755737 -0.875684 
 0.354102 -9.755737 -0.875684 
 0.356494 -9.760523 -0.860132 
 0.356494 -9.760523 -0.860132 
 0.345728 -9.778467 -0.863721 
 0.345728 -9.778467 -0.863721 
 0.340942 -9.780859 -0.849365 
 0.340942 -9.780859 -0.849365 
 0.374438 -9.768896 -0.837402 
 0.374438 -9.768896 -0.837402 
 0.340942 -9.761719 -0.868506 
 0.340942 -9.761719 -0.868506 
 0.360083 -9.762915 -0.851758 
 0.360083 -9.762915 -0.851758 
 0.360083 -9.753345 -0.873291 
 0.360083 -9.753345 -0.873291 
 0.380420 -9.744970 -0.861328 
 0.380420 -9.744970 -0.861328 
 0.361279 -9.759326 -0.862524 
 0.361279 -9.759326 -0.862524 
 0.336157 -9.750952 -0.861328 
 0.336157 -9.750952 -0.861328 
 0.354102 -9.773682 -0.863721 
 0.354102 -9.773682 -0.863721 
 0.360083 -9.758130 -0.838599 
 0.360083 -9.758130 -0.838599 
 0.352905 -9.773682 -0.826636 
 0.352905 -9.773682 -0.826636 
 0.346924 -9.759326 -0.817065 
 0.346924 -9.759326 -0.817065 
 0.369653 -9.789233 -0.864917 
 0.369653 -9.789233 -0.864917 
 0.336157 -9.770093 -0.857739 
 0.336157 -9.770093 -0.857739 
 0.358887 -9.776074 -0.872095 
 0.358887 -9.776074 -0.872095 
 0.366064 -9.758130 -0.839795 
 0.366064 -9.758130 -0.839795 
 0.380420 -9.767700 -0.856543 
 0.380420 -9.767700 -0.856543 
 0.368457 -9.765307 -0.851758 
 0.368457 -9.765307 -0.851758 
 0.366064 -9.761719 -0.874487 
 0.366064 -9.761719 -0.874487 
 0.344531 -9.762915 -0.846973 
 0.344531 -9.762915 -0.846973 
 0.364868 -9.773682 -0.860132 
 0.364868 -9.773682 -0.860132 
 0.361279 -9.764112 -0.869702 
 0.361279 -9.764112 -0.869702 
 0.357690 -9.753345 -0.849365 
 0.357690 -9.753345 -0.849365 
 0.375635 -9.760523 -0.851758 
 0.375635 -9.760523 -0.851758 
 0.361279 -9.770093 -0.838599 
 0.361279 -9.770093 -0.838599 
 0.337354 -9.764112 -0.835010 
 0.337354 -9.764112 -0.835010 
 0.354102 -9.795215 -0.835010 
 0.354102 -9.795215 -0.835010 
 0.368457 -9.778467 -0.843384 
 0.368457 -9.778467 -0.843384 
 0.368457 -9.762915 -0.873291 
 0.368457 -9.762915 -0.873291 
 0.336157 -9.765307 -0.854150 
 0.336157 -9.765307 -0.854150 
 0.346924 -9.767700 -0.874487 
 0.346924 -9.767700 -0.874487 
 0.354102 -9.771289 -0.866113 
 0.354102 -9.771289 -0.866113 
 0.343335 -9.785645 -0.858936 
 0.343335 -9.785645 -0.858936 
 0.366064 -9.758130 -0.869702 
 0.366064 -9.758130 -0.869702 
 0.357690 -9.780859 -0.842188 
 0.357690 -9.780859 -0.842188 
 0.333765 -9.759326 -0.872095 
 0.333765 -9.759326 -0.872095 
 0.363672 -9.795215 -0.874487 
 0.363672 -9.795215 -0.874487 
 0.366064 -9.773682 -0.869702 
 0.366064 -9.773682 -0.869702 
 0.381616 -9.761719 -0.861328 
 0.381616 -9.761719 -0.861328 
 0.348120 -9.768896 -0.866113 
 0.348120 -9.768896 -0.866113 
 0.358887 -9.789233 -0.869702 
 0.358887 -9.789233 -0.869702 
 0.342139 -9.764112 -0.867310 
 0.342139 -9.764112 -0.867310 
 0.364868 -9.767700 -0.881665 
 0.364868 -9.767700 -0.881665 
 0.350513 -9.767700 -0.851758 
 0.350513 -9.767700 -0.851758 
 0.384009 -9.777270 -0.844580 
 0.384009 -9.777270 -0.844580 
 0.354102 -9.784449 -0.852954 
 0.354102 -9.784449 -0.852954 
 0.358887 -9.776074 -0.831421 
 0.358887 -9.776074 -0.831421 
 0.357690 -9.771289 -0.870898 
 0.357690 -9.771289 -0.870898 
 0.360083 -9.774878 -0.875684 
 0.360083 -9.774878 -0.875684 
 0.354102 -9.773682 -0.873291 
 0.354102 -9.773682 -0.873291 
 0.348120 -9.797607 -0.858936 
 0.348120 -9.797607 -0.858936 
 0.366064 -9.764112 -0.881665 
 0.366064 -9.764112 -0.881665 
 0.379224 -9.768896 -0.845776 
 0.379224 -9.768896 -0.845776 
 0.354102 -9.773682 -0.874487 
 0.354102 -9.773682 -0.874487 
 0.357690 -9.758130 -0.855347 
 0.357690 -9.758130 -0.855347 
 0.358887 -9.785645 -0.868506 
 0.358887 -9.785645 -0.868506 
 0.417505 -9.764112 -0.869702 
 0.417505 -9.764112 -0.869702 
 0.375635 -9.764112 -0.868506 
 0.375635 -9.764112 -0.868506 
 0.325391 -9.785645 -0.867310 
 0.325391 -9.785645 -0.867310 
 0.349316 -9.772486 -0.874487 
 0.349316 -9.772486 -0.874487 
 0.313428 -9.783252 -0.882861 
 0.313428 -9.783252 -0.882861 
 0.333765 -9.770093 -0.884058 
 0.333765 -9.770093 -0.884058 
 0.344531 -9.748560 -0.874487 
 0.344531 -9.748560 -0.874487 
 0.349316 -9.766504 -0.873291 
 0.349316 -9.766504 -0.873291 
 0.342139 -9.760523 -0.867310 
 0.342139 -9.760523 -0.867310 
 0.354102 -9.759326 -0.860132 
 0.354102 -9.759326 -0.860132 
 0.363672 -9.759326 -0.855347 
 0.363672 -9.759326 -0.855347 
 0.348120 -9.756933 -0.854150 
 0.348120 -9.756933 -0.854150 
 0.350513 -9.768896 -0.832617 
 0.350513 -9.768896 -0.832617 
 0.346924 -9.767700 -0.850561 
 0.346924 -9.767700 -0.850561 
 0.370850 -9.764112 -0.858936 
 0.370850 -9.764112 -0.858936 
 0.366064 -9.742579 -0.860132 
 0.366064 -9.742579 -0.860132 
 0.367261 -9.782056 -0.851758 
 0.367261 -9.782056 -0.851758 
 0.366064 -9.754541 -0.867310 
 0.366064 -9.754541 -0.867310 
 0.357690 -9.765307 -0.833813 
 0.357690 -9.765307 -0.833813 
 0.334961 -9.765307 -0.850561 
 0.334961 -9.765307 -0.850561 
 0.363672 -9.783252 -0.844580 
 0.363672 -9.783252 -0.844580 
 0.351709 -9.783252 -0.849365 
 0.351709 -9.783252 -0.849365 
 0.355298 -9.778467 -0.855347 
 0.355298 -9.778467 -0.855347 
 0.348120 -9.779663 -0.860132 
 0.348120 -9.779663 -0.860132 
 0.354102 -9.776074 -0.846973 
 0.354102 -9.776074 -0.846973 
 0.386401 -9.783252 -0.846973 
 0.386401 -9.783252 -0.846973 
 0.358887 -9.760523 -0.867310 
 0.358887 -9.760523 -0.867310 
 0.348120 -9.759326 -0.868506 
 0.348120 -9.759326 -0.868506 
 0.380420 -9.764112 -0.880469 
 0.380420 -9.764112 -0.880469 
 0.361279 -9.754541 -0.858936 
 0.361279 -9.754541 -0.858936 
 0.354102 -9.756933 -0.858936 
 0.354102 -9.756933 -0.858936 
 0.349316 -9.770093 -0.864917 
 0.349316 -9.770093 -0.864917 
 0.376831 -9.776074 -0.858936 
 0.376831 -9.776074 -0.858936 
 0.340942 -9.768896 -0.872095 
 0.340942 -9.768896 -0.872095 
 0.356494 -9.762915 -0.881665 
 0.356494 -9.762915 -0.881665 
 0.351709 -9.764112 -0.844580 
 0.351709 -9.764112 -0.844580 
 0.372046 -9.767700 -0.863721 
 0.372046 -9.767700 -0.863721 
 0.361279 -9.786840 -0.867310 
 0.361279 -9.786840 -0.867310 
 0.370850 -9.785645 -0.846973 
 0.370850 -9.785645 -0.846973 
 0.362476 -9.771289 -0.851758 
 0.362476 -9.771289 -0.851758 
 0.364868 -9.762915 -0.862524 
 0.364868 -9.762915 -0.862524 
 0.354102 -9.761719 -0.840991 
 0.354102 -9.761719 -0.840991 
 0.373242 -9.780859 -0.864917 
 0.373242 -9.780859 -0.864917 
 0.351709 -9.778467 -0.880469 
 0.351709 -9.778467 -0.880469 
 0.340942 -9.782056 -0.846973 
 0.340942 -9.782056 -0.846973 
 0.369653 -9.746167 -0.836206 
 0.369653 -9.746167 -0.836206 
 0.366064 -9.783252 -0.838599 
 0.366064 -9.783252 -0.838599 
 0.368457 -9.783252 -0.880469 
 0.368457 -9.783252 -0.880469 
 0.358887 -9.780859 -0.856543 
 0.358887 -9.780859 -0.856543 
 0.358887 -9.772486 -0.839795 
 0.358887 -9.772486 -0.839795 
 0.366064 -9.760523 -0.838599 
 0.366064 -9.760523 -0.838599 
 0.370850 -9.776074 -0.842188 
 0.370850 -9.776074 -0.842188 
 0.366064 -9.747363 -0.857739 
 0.366064 -9.747363 -0.857739 
 0.358887 -9.773682 -0.851758 
 0.358887 -9.773682 -0.851758 
 0.342139 -9.776074 -0.843384 
 0.342139 -9.776074 -0.843384 
 0.379224 -9.774878 -0.838599 
 0.379224 -9.774878 -0.838599 
 0.358887 -9.772486 -0.858936 
 0.358887 -9.772486 -0.858936 
 0.362476 -9.783252 -0.857739 
 0.362476 -9.783252 -0.857739 
 0.362476 -9.771289 -0.862524 
 0.362476 -9.771289 -0.862524 
 0.360083 -9.776074 -0.857739 
 0.360083 -9.776074 -0.857739 
 0.368457 -9.776074 -0.845776 
 0.368457 -9.776074 -0.845776 
 0.356494 -9.771289 -0.839795 
 0.356494 -9.771289 -0.839795 
 0.355298 -9.779663 -0.863721 
 0.355298 -9.779663 -0.863721 
 0.345728 -9.761719 -0.876880 
 0.345728 -9.761719 -0.876880 
 0.346924 -9.754541 -0.836206 
 0.346924 -9.754541 -0.836206 
 0.387598 -9.762915 -0.860132 
 0.387598 -9.762915 -0.860132 
 0.348120 -9.756933 -0.845776 
 0.348120 -9.756933 -0.845776 
 0.361279 -9.764112 -0.873291 
 0.361279 -9.764112 -0.873291 
 0.362476 -9.774878 -0.882861 
 0.362476 -9.774878 -0.882861 
 0.374438 -9.760523 -0.836206 
 0.374438 -9.760523 -0.836206 
 0.348120 -9.770093 -0.840991 
 0.348120 -9.770093 -0.840991 
 0.346924 -9.771289 -0.872095 
 0.346924 -9.771289 -0.872095 
 0.368457 -9.765307 -0.855347 
 0.368457 -9.765307 -0.855347 
 0.362476 -9.776074 -0.864917 
 0.362476 -9.776074 -0.864917 
 0.356494 -9.761719 -0.857739 
 0.356494 -9.761719 -0.857739 
 0.349316 -9.764112 -0.850561 
 0.349316 -9.764112 -0.850561 
 0.367261 -9.765307 -0.848169 
 0.367261 -9.765307 -0.848169 
 0.361279 -9.761719 -0.870898 
 0.361279 -9.761719 -0.870898 
 0.336157 -9.766504 -0.880469 
 0.336157 -9.766504 -0.880469 
 0.348120 -9.776074 -0.860132 
 0.348120 -9.776074 -0.860132 
 0.362476 -9.774878 -0.869702 
 0.362476 -9.774878 -0.869702 
 0.364868 -9.762915 -0.869702 
 0.364868 -9.762915 -0.869702 
 0.351709 -9.768896 -0.863721 
 0.351709 -9.768896 -0.863721 
 0.344531 -9.761719 -0.849365 
 0.344531 -9.761719 -0.849365 
 0.362476 -9.764112 -0.836206 
 0.362476 -9.764112 -0.836206 
 0.340942 -9.774878 -0.866113 
 0.340942 -9.774878 -0.866113 
 0.376831 -9.762915 -0.855347 
 0.376831 -9.762915 -0.855347 
 0.364868 -9.761719 -0.854150 
 0.364868 -9.761719 -0.854150 
 0.355298 -9.756933 -0.833813 
 0.355298 -9.756933 -0.833813 
 0.369653 -9.772486 -0.845776 
 0.369653 -9.772486 -0.845776 
 0.358887 -9.772486 -0.843384 
 0.358887 -9.772486 -0.843384 
 0.351709 -9.761719 -0.842188 
 0.351709 -9.761719 -0.842188 
 0.352905 -9.760523 -0.867310 
 0.352905 -9.760523 -0.867310 
 0.356494 -9.768896 -0.870898 
 0.356494 -9.768896 -0.870898 
 0.343335 -9.779663 -0.861328 
 0.343335 -9.779663 -0.861328 
 0.360083 -9.772486 -0.855347 
 0.360083 -9.772486 -0.855347 
 0.361279 -9.767700 -0.845776 
 0.361279 -9.767700 -0.845776 
 0.372046 -9.774878 -0.864917 
 0.372046 -9.774878 -0.864917 
 0.368457 -9.784449 -0.876880 
 0.368457 -9.784449 -0.876880 
 0.354102 -9.771289 -0.830225 
 0.354102 -9.771289 -0.830225 
 0.360083 -9.764112 -0.857739 
 0.360083 -9.764112 -0.857739 
 0.346924 -9.759326 -0.855347 
 0.346924 -9.759326 -0.855347 
 0.356494 -9.779663 -0.870898 
 0.356494 -9.779663 -0.870898 
 0.361279 -9.774878 -0.857739 
 0.361279 -9.774878 -0.857739 
 0.343335 -9.771289 -0.845776 
 0.343335 -9.771289 -0.845776 
 0.355298 -9.768896 -0.881665 
 0.355298 -9.768896 -0.881665 
 0.349316 -9.756933 -0.858936 
 0.349316 -9.756933 -0.858936 
 0.361279 -9.784449 -0.858936 
 0.361279 -9.784449 -0.858936 
 0.356494 -9.768896 -0.860132 
 0.356494 -9.768896 -0.860132 
 0.358887 -9.768896 -0.866113 
 0.358887 -9.768896 -0.866113 
 0.356494 -9.770093 -0.837402 
 0.356494 -9.770093 -0.837402 
 0.354102 -9.776074 -0.855347 
 0.354102 -9.776074 -0.855347 
 0.360083 -9.770093 -0.864917 
 0.360083 -9.770093 -0.864917 
 0.366064 -9.770093 -0.869702 
 0.366064 -9.770093 -0.869702 
 0.356494 -9.770093 -0.879272 
 0.356494 -9.770093 -0.879272 
 0.366064 -9.780859 -0.842188 
 0.366064 -9.780859 -0.842188 
 0.361279 -9.789233 -0.864917 
 0.361279 -9.789233 -0.864917 
 0.367261 -9.750952 -0.839795 
 0.367261 -9.750952 -0.839795 
 0.366064 -9.765307 -0.842188 
 0.366064 -9.765307 -0.842188 
 0.338550 -9.754541 -0.837402 
 0.338550 -9.754541 -0.837402 
 0.354102 -9.771289 -0.856543 
 0.354102 -9.771289 -0.856543 
 0.357690 -9.758130 -0.874487 
 0.357690 -9.758130 -0.874487 
 0.343335 -9.785645 -0.862524 
 0.343335 -9.785645 -0.862524 
 0.342139 -9.767700 -0.848169 
 0.342139 -9.767700 -0.848169 
 0.352905 -9.774878 -0.854150 
 0.352905 -9.774878 -0.854150 
 0.367261 -9.771289 -0.879272 
 0.367261 -9.771289 -0.879272 
 0.366064 -9.770093 -0.856543 
 0.366064 -9.770093 -0.856543 
 0.370850 -9.762915 -0.857739 
 0.370850 -9.762915 -0.857739 
 0.361279 -9.768896 -0.868506 
 0.361279 -9.768896 -0.868506 
 0.351709 -9.742579 -0.849365 
 0.351709 -9.742579 -0.849365 
 0.350513 -9.767700 -0.851758 
 0.350513 -9.767700 -0.851758 
 0.366064 -9.760523 -0.858936 
 0.366064 -9.760523 -0.858936 
 0.372046 -9.764112 -0.868506 
 0.372046 -9.764112 -0.868506 
 0.372046 -9.758130 -0.861328 
 0.372046 -9.758130 -0.861328 
 0.358887 -9.746167 -0.851758 
 0.358887 -9.746167 -0.851758 
 0.352905 -9.755737 -0.869702 
 0.352905 -9.755737 -0.869702 
 0.360083 -9.767700 -0.880469 
 0.360083 -9.767700 -0.880469 
 0.363672 -9.778467 -0.839795 
 0.363672 -9.778467 -0.839795 
 0.381616 -9.771289 -0.857739 
 0.381616 -9.771289 -0.857739 
 0.344531 -9.762915 -0.846973 
 0.344531 -9.762915 -0.846973 
 0.344531 -9.761719 -0.866113 
 0.344531 -9.761719 -0.866113 
 0.358887 -9.760523 -0.884058 
 0.358887 -9.760523 -0.884058 
 0.372046 -9.749756 -0.832617 
 0.372046 -9.749756 -0.832617 
 0.370850 -9.767700 -0.891235 
 0.370850 -9.767700 -0.891235 
 0.374438 -9.754541 -0.875684 
 0.374438 -9.754541 -0.875684 
 0.324194 -9.762915 -0.855347 
 0.324194 -9.762915 -0.855347 
 0.344531 -9.786840 -0.916357 
 0.344531 -9.786840 -0.916357 
 0.354102 -9.756933 -0.874487 
 0.354102 -9.756933 -0.874487 
 0.366064 -9.777270 -0.856543 
 0.366064 -9.777270 -0.856543 
 0.361279 -9.785645 -0.852954 
 0.361279 -9.785645 -0.852954 
 0.362476 -9.771289 -0.868506 
 0.362476 -9.771289 -0.868506 
 0.362476 -9.760523 -0.851758 
 0.362476 -9.760523 -0.851758 
 0.362476 -9.767700 -0.842188 
 0.362476 -9.767700 -0.842188 
 0.368457 -9.744970 -0.848169 
 0.368457 -9.744970 -0.848169 
 0.357690 -9.770093 -0.860132 
 0.357690 -9.770093 -0.860132 
 0.363672 -9.771289 -0.854150 
 0.363672 -9.771289 -0.854150 
 0.376831 -9.773682 -0.864917 
 0.376831 -9.773682 -0.864917 
 0.361279 -9.743774 -0.821851 
 0.361279 -9.743774 -0.821851 
 0.360083 -9.768896 -0.851758 
 0.360083 -9.768896 -0.851758 
 0.351709 -9.766504 -0.890039 
 0.351709 -9.766504 -0.890039 
 0.354102 -9.786840 -0.843384 
 0.354102 -9.786840 -0.843384 
 0.352905 -9.773682 -0.860132 
 0.352905 -9.773682 -0.860132 
 0.366064 -9.759326 -0.851758 
 0.366064 -9.759326 -0.851758 
 0.357690 -9.770093 -0.864917 
 0.357690 -9.770093 -0.864917 
 0.360083 -9.768896 -0.829028 
 0.360083 -9.768896 -0.829028 
 0.357690 -9.770093 -0.869702 
 0.357690 -9.770093 -0.869702 
 0.355298 -9.770093 -0.873291 
 0.355298 -9.770093 -0.873291 
 0.354102 -9.776074 -0.860132 
 0.354102 -9.776074 -0.860132 
 0.348120 -9.767700 -0.857739 
 0.348120 -9.767700 -0.857739 
 0.368457 -9.764112 -0.868506 
 0.368457 -9.764112 -0.868506 
 0.360083 -9.755737 -0.861328 
 0.360083 -9.755737 -0.861328 
 0.362476 -9.774878 -0.854150 
 0.362476 -9.774878 -0.854150 
 0.369653 -9.772486 -0.866113 
 0.369653 -9.772486 -0.866113 
 0.348120 -9.778467 -0.856543 
 0.348120 -9.778467 -0.856543 
 0.363672 -9.754541 -0.854150 
 0.363672 -9.754541 -0.854150 
 0.375635 -9.776074 -0.870898 
 0.375635 -9.776074 -0.870898 
 0.355298 -9.766504 -0.850561 
 0.355298 -9.766504 -0.850561 
 0.357690 -9.761719 -0.830225 
 0.357690 -9.761719 -0.830225 
 0.343335 -9.765307 -0.850561 
 0.343335 -9.765307 -0.850561 
 0.385205 -9.770093 -0.855347 
 0.385205 -9.770093 -0.855347 
 0.360083 -9.762915 -0.866113 
 0.360083 -9.762915 -0.866113 
 0.336157 -9.758130 -0.866113 
 0.336157 -9.758130 -0.866113 
 0.350513 -9.767700 -0.852954 
 0.350513 -9.767700 -0.852954 
 0.355298 -9.765307 -0.862524 
 0.355298 -9.765307 -0.862524 
 0.357690 -9.771289 -0.860132 
 0.357690 -9.771289 -0.860132 
 0.362476 -9.770093 -0.860132 
 0.362476 -9.770093 -0.860132 
 0.355298 -9.777270 -0.858936 
 0.355298 -9.777270 -0.858936 
 0.354102 -9.784449 -0.866113 
 0.354102 -9.784449 -0.866113 
 0.338550 -9.753345 -0.867310 
 0.338550 -9.753345 -0.867310 
 0.352905 -9.760523 -0.852954 
 0.352905 -9.760523 -0.852954 
 0.373242 -9.772486 -0.852954 
 0.373242 -9.772486 -0.852954 
 0.362476 -9.785645 -0.863721 
 0.362476 -9.785645 -0.863721 
 0.344531 -9.771289 -0.866113 
 0.344531 -9.771289 -0.866113 
 0.339746 -9.761719 -0.854150 
 0.339746 -9.761719 -0.854150 
 0.375635 -9.753345 -0.879272 
 0.375635 -9.753345 -0.879272 
 0.370850 -9.737793 -0.855347 
 0.370850 -9.737793 -0.855347 
 0.363672 -9.762915 -0.870898 
 0.363672 -9.762915 -0.870898 
 0.373242 -9.774878 -0.864917 
 0.373242 -9.774878 -0.864917 
 0.351709 -9.762915 -0.864917 
 0.351709 -9.762915 -0.864917 
 0.373242 -9.773682 -0.860132 
 0.373242 -9.773682 -0.860132 
 0.354102 -9.765307 -0.862524 
 0.354102 -9.765307 -0.862524 
 0.362476 -9.765307 -0.850561 
 0.362476 -9.765307 -0.850561 
 0.349316 -9.767700 -0.890039 
 0.349316 -9.767700 -0.890039 
 0.351709 -9.779663 -0.860132 
 0.351709 -9.779663 -0.860132 
 0.334961 -9.759326 -0.862524 
 0.334961 -9.759326 -0.862524 
 0.350513 -9.756933 -0.874487 
 0.350513 -9.756933 -0.874487 
 0.364868 -9.760523 -0.843384 
 0.364868 -9.760523 -0.843384 
 0.358887 -9.780859 -0.876880 
 0.358887 -9.780859 -0.876880 
 0.336157 -9.788037 -0.881665 
 0.336157 -9.788037 -0.881665 
 0.348120 -9.777270 -0.843384 
 0.348120 -9.777270 -0.843384 
 0.357690 -9.771289 -0.867310 
 0.357690 -9.771289 -0.867310 
 0.349316 -9.771289 -0.843384 
 0.349316 -9.771289 -0.843384 
 0.354102 -9.795215 -0.890039 
 0.354102 -9.795215 -0.890039 
 0.366064 -9.782056 -0.825439 
 0.366064 -9.782056 -0.825439 
 0.369653 -9.759326 -0.856543 
 0.369653 -9.759326 -0.856543 
 0.367261 -9.784449 -0.854150 
 0.367261 -9.784449 -0.854150 
 0.386401 -9.771289 -0.852954 
 0.386401 -9.771289 -0.852954 
 0.357690 -9.770093 -0.896021 
 0.357690 -9.770093 -0.896021 
 0.366064 -9.759326 -0.885254 
 0.366064 -9.759326 -0.885254 
 0.337354 -9.761719 -0.864917 
 0.337354 -9.761719 -0.864917 
 0.355298 -9.772486 -0.854150 
 0.355298 -9.772486 -0.854150 
 0.366064 -9.759326 -0.860132 
 0.366064 -9.759326 -0.860132 
 0.351709 -9.767700 -0.878076 
 0.351709 -9.767700 -0.878076 
 0.358887 -9.767700 -0.863721 
 0.358887 -9.767700 -0.863721 
 0.376831 -9.772486 -0.879272 
 0.376831 -9.772486 -0.879272 
 0.367261 -9.765307 -0.860132 
 0.367261 -9.765307 -0.860132 
 0.362476 -9.755737 -0.867310 
 0.362476 -9.755737 -0.867310 
 0.363672 -9.780859 -0.838599 
 0.363672 -9.780859 -0.838599 
 0.372046 -9.784449 -0.856543 
 0.372046 -9.784449 -0.856543 
 0.356494 -9.770093 -0.860132 
 0.356494 -9.770093 -0.860132 
 0.358887 -9.760523 -0.845776 
 0.358887 -9.760523 -0.845776 
 0.356494 -9.755737 -0.888843 
 0.356494 -9.755737 -0.888843 
 0.356494 -9.774878 -0.881665 
 0.356494 -9.774878 -0.881665 
 0.354102 -9.765307 -0.855347 
 0.354102 -9.765307 -0.855347 
 0.352905 -9.768896 -0.860132 
 0.352905 -9.768896 -0.860132 
 0.345728 -9.753345 -0.842188 
 0.345728 -9.753345 -0.842188 
 0.363672 -9.782056 -0.866113 
 0.363672 -9.782056 -0.866113 
 0.369653 -9.776074 -0.827832 
 0.369653 -9.776074 -0.827832 
 0.361279 -9.778467 -0.851758 
 0.361279 -9.778467 -0.851758 
 0.357690 -9.755737 -0.882861 
 0.357690 -9.755737 -0.882861 
 0.361279 -9.766504 -0.851758 
 0.361279 -9.766504 -0.851758 
 0.355298 -9.758130 -0.876880 
 0.355298 -9.758130 -0.876880 
 0.357690 -9.772486 -0.858936 
 0.357690 -9.772486 -0.858936 
 0.356494 -9.756933 -0.856543 
 0.356494 -9.756933 -0.856543 
 0.344531 -9.743774 -0.862524 
 0.344531 -9.743774 -0.862524 
 0.346924 -9.759326 -0.867310 
 0.346924 -9.759326 -0.867310 
 0.367261 -9.765307 -0.837402 
 0.367261 -9.765307 -0.837402 
 0.352905 -9.752149 -0.858936 
 0.352905 -9.752149 -0.858936 
 0.343335 -9.754541 -0.864917 
 0.343335 -9.754541 -0.864917 
 0.356494 -9.774878 -0.858936 
 0.356494 -9.774878 -0.858936 
 0.338550 -9.773682 -0.839795 
 0.338550 -9.773682 -0.839795 
 0.381616 -9.777270 -0.863721 
 0.381616 -9.777270 -0.863721 
 0.373242 -9.767700 -0.843384 
 0.373242 -9.767700 -0.843384 
 0.363672 -9.774878 -0.846973 
 0.363672 -9.774878 -0.846973 
 0.350513 -9.761719 -0.846973 
 0.350513 -9.761719 -0.846973 
 0.354102 -9.786840 -0.850561 
 0.354102 -9.786840 -0.850561 
 0.366064 -9.750952 -0.840991 
 0.366064 -9.750952 -0.840991 
 0.356494 -9.762915 -0.852954 
 0.356494 -9.762915 -0.852954 
 0.372046 -9.760523 -0.855347 
 0.372046 -9.760523 -0.855347 
 0.334961 -9.766504 -0.825439 
 0.334961 -9.766504 -0.825439 
 0.337354 -9.771289 -0.863721 
 0.337354 -9.771289 -0.863721 
 0.358887 -9.776074 -0.861328 
 0.358887 -9.776074 -0.861328 
 0.350513 -9.764112 -0.830225 
 0.350513 -9.764112 -0.830225 
 0.374438 -9.760523 -0.835010 
 0.374438 -9.760523 -0.835010 
 0.358887 -9.773682 -0.860132 
 0.358887 -9.773682 -0.860132 
 0.352905 -9.758130 -0.868506 
 0.352905 -9.758130 -0.868506 
 0.363672 -9.773682 -0.846973 
 0.363672 -9.773682 -0.846973 
 0.369653 -9.770093 -0.869702 
 0.369653 -9.770093 -0.869702 
 0.351709 -9.776074 -0.885254 
 0.351709 -9.776074 -0.885254 
 0.350513 -9.773682 -0.832617 
 0.350513 -9.773682 -0.832617 
 0.361279 -9.780859 -0.856543 
 0.361279 -9.780859 -0.856543 
 0.369653 -9.765307 -0.844580 
 0.369653 -9.765307 -0.844580 
 0.358887 -9.776074 -0.854150 
 0.358887 -9.776074 -0.854150 
 0.355298 -9.764112 -0.858936 
 0.355298 -9.764112 -0.858936 
 0.366064 -9.767700 -0.864917 
 0.366064 -9.767700 -0.864917 
 0.374438 -9.764112 -0.855347 
 0.374438 -9.764112 -0.855347 
 0.352905 -9.770093 -0.863721 
 0.352905 -9.770093 -0.863721 
 0.355298 -9.768896 -0.869702 
 0.355298 -9.768896 -0.869702 
 0.356494 -9.768896 -0.867310 
 0.356494 -9.768896 -0.867310 
 0.351709 -9.753345 -0.858936 
 0.351709 -9.753345 -0.858936 
 0.343335 -9.748560 -0.838599 
 0.343335 -9.748560 -0.838599 
 0.356494 -9.755737 -0.830225 
 0.356494 -9.755737 -0.830225 
 0.351709 -9.768896 -0.892432 
 0.351709 -9.768896 -0.892432 
 0.336157 -9.776074 -0.872095 
 0.336157 -9.776074 -0.872095 
 0.345728 -9.755737 -0.879272 
 0.345728 -9.755737 -0.879272 
 0.355298 -9.768896 -0.863721 
 0.355298 -9.768896 -0.863721 
 0.362476 -9.748560 -0.856543 
 0.362476 -9.748560 -0.856543 
 0.337354 -9.758130 -0.839795 
 0.337354 -9.758130 -0.839795 
 0.334961 -9.780859 -0.884058 
 0.334961 -9.780859 -0.884058 
 0.351709 -9.760523 -0.854150 
 0.351709 -9.760523 -0.854150 
 0.368457 -9.771289 -0.835010 
 0.368457 -9.771289 -0.835010 
 0.358887 -9.767700 -0.869702 
 0.358887 -9.767700 -0.869702 
 0.346924 -9.754541 -0.854150 
 0.346924 -9.754541 -0.854150 
 0.344531 -9.762915 -0.875684 
 0.344531 -9.762915 -0.875684 
 0.348120 -9.785645 -0.882861 
 0.348120 -9.785645 -0.882861 
 0.338550 -9.767700 -0.861328 
 0.338550 -9.767700 -0.861328 
 0.363672 -9.765307 -0.857739 
 0.363672 -9.765307 -0.857739 
 0.345728 -9.768896 -0.868506 
 0.345728 -9.768896 -0.868506 
 0.354102 -9.761719 -0.886450 
 0.354102 -9.761719 -0.886450 
 0.364868 -9.778467 -0.857739 
 0.364868 -9.778467 -0.857739 
 0.339746 -9.800000 -0.866113 
 0.339746 -9.800000 -0.866113 
 0.368457 -9.749756 -0.851758 
 0.368457 -9.749756 -0.851758 
 0.346924 -9.772486 -0.867310 
 0.346924 -9.772486 -0.867310 
 0.366064 -9.765307 -0.824243 
 0.366064 -9.765307 -0.824243 
 0.363672 -9.759326 -0.854150 