0.211743 9.746167 -0.584985 
 0.211743 9.746167 -0.584985 
 0.200977 9.747363 -0.557471 
 0.200977 9.747363 -0.557471 
 0.216528 9.747363 -0.573022 
 0.216528 9.747363 -0.573022 
 0.222510 9.755737 -0.589770 
 0.222510 9.755737 -0.589770 
 0.206958 9.752149 -0.583789 
 0.206958 9.752149 -0.583789 
 0.217725 9.755737 -0.596948 
 0.217725 9.755737 -0.596948 
 0.229687 9.756933 -0.582593 
 0.229687 9.756933 -0.582593 
 0.210547 9.727026 -0.575415 
 0.210547 9.727026 -0.575415 
 0.221313 9.743774 -0.575415 
 0.221313 9.743774 -0.575415 
 0.226099 9.749756 -0.587378 
 0.226099 9.749756 -0.587378 
 0.218921 9.756933 -0.602930 
 0.218921 9.756933 -0.602930 
 0.204565 9.754541 -0.557471 
 0.204565 9.754541 -0.557471 
 0.229687 9.742579 -0.596948 
 0.229687 9.742579 -0.596948 
 0.205762 9.747363 -0.604126 
 0.205762 9.747363 -0.604126 
 0.222510 9.733007 -0.588574 
 0.222510 9.733007 -0.588574 
 0.214136 9.741382 -0.620874 
 0.214136 9.741382 -0.620874 
 0.196191 9.756933 -0.620874 
 0.196191 9.756933 -0.620874 
 0.216528 9.759326 -0.583789 
 0.216528 9.759326 -0.583789 
 0.208154 9.756933 -0.590967 
 0.208154 9.756933 -0.590967 
 0.193799 9.762915 -0.593359 
 0.193799 9.762915 -0.593359 
 0.223706 9.746167 -0.587378 
 0.223706 9.746167 -0.587378 
 0.233276 9.737793 -0.567041 
 0.233276 9.737793 -0.567041 
 0.210547 9.738989 -0.579004 
 0.210547 9.738989 -0.579004 
 0.234473 9.747363 -0.587378 
 0.234473 9.747363 -0.587378 
 0.238062 9.754541 -0.604126 
 0.238062 9.754541 -0.604126 
 0.224902 9.754541 -0.576611 
 0.224902 9.754541 -0.576611 
 0.222510 9.740186 -0.575415 
 0.222510 9.740186 -0.575415 
 0.211743 9.748560 -0.587378 
 0.211743 9.748560 -0.587378 
 0.218921 9.747363 -0.588574 
 0.218921 9.747363 -0.588574 
 0.204565 9.753345 -0.581396 
 0.204565 9.753345 -0.581396 
 0.216528 9.772486 -0.562256 
 0.216528 9.772486 -0.562256 
 0.220117 9.743774 -0.602930 
 0.220117 9.743774 -0.602930 
 0.223706 9.748560 -0.577808 
 0.223706 9.748560 -0.577808 
 0.242847 9.765307 -0.561060 
 0.242847 9.765307 -0.561060 
 0.217725 9.741382 -0.580200 
 0.217725 9.741382 -0.580200 
 0.218921 9.734204 -0.600537 
 0.218921 9.734204 -0.600537 
 0.190210 9.749756 -0.569434 
 0.190210 9.749756 -0.569434 
 0.197388 9.766504 -0.570630 
 0.197388 9.766504 -0.570630 
 0.214136 9.760523 -0.588574 
 0.214136 9.760523 -0.588574 
 0.216528 9.744970 -0.564648 
 0.216528 9.744970 -0.564648 
 0.221313 9.755737 -0.592163 
 0.221313 9.755737 -0.592163 
 0.222510 9.750952 -0.555078 
 0.222510 9.750952 -0.555078 
 0.228491 9.735400 -0.599341 
 0.228491 9.735400 -0.599341 
 0.236865 9.737793 -0.571826 
 0.236865 9.737793 -0.571826 
 0.221313 9.740186 -0.616089 
 0.221313 9.740186 -0.616089 
 0.222510 9.746167 -0.598145 
 0.222510 9.746167 -0.598145 
 0.221313 9.740186 -0.574219 
 0.221313 9.740186 -0.574219 
 0.224902 9.765307 -0.602930 
 0.224902 9.765307 -0.602930 
 0.214136 9.761719 -0.540723 
 0.214136 9.761719 -0.540723 
 0.224902 9.743774 -0.587378 
 0.224902 9.743774 -0.587378 
 0.217725 9.740186 -0.608911 
 0.217725 9.740186 -0.608911 
 0.238062 9.734204 -0.577808 
 0.238062 9.734204 -0.577808 
 0.232080 9.761719 -0.590967 
 0.232080 9.761719 -0.590967 
 0.198584 9.741382 -0.561060 
 0.198584 9.741382 -0.561060 
 0.197388 9.753345 -0.583789 
 0.197388 9.753345 -0.583789 
 0.224902 9.765307 -0.593359 
 0.224902 9.765307 -0.593359 
 0.224902 9.762915 -0.584985 
 0.224902 9.762915 -0.584985 
 0.232080 9.758130 -0.576611 
 0.232080 9.758130 -0.576611 
 0.204565 9.758130 -0.586182 
 0.204565 9.758130 -0.586182 
 0.211743 9.750952 -0.582593 
 0.211743 9.750952 -0.582593 
 0.230884 9.755737 -0.619678 
 0.230884 9.755737 -0.619678 
 0.211743 9.733007 -0.579004 
 0.211743 9.733007 -0.579004 
 0.214136 9.750952 -0.602930 
 0.214136 9.750952 -0.602930 
 0.218921 9.752149 -0.577808 
 0.218921 9.752149 -0.577808 
 0.241650 9.758130 -0.574219 
 0.241650 9.758130 -0.574219 
 0.227295 9.749756 -0.594556 
 0.227295 9.749756 -0.594556 
 0.222510 9.747363 -0.584985 
 0.222510 9.747363 -0.584985 
 0.215332 9.761719 -0.599341 
 0.215332 9.761719 -0.599341 
 0.236865 9.752149 -0.571826 
 0.236865 9.752149 -0.571826 
 0.203369 9.746167 -0.574219 
 0.203369 9.746167 -0.574219 
 0.209351 9.756933 -0.565845 
 0.209351 9.756933 -0.565845 
 0.222510 9.765307 -0.592163 
 0.222510 9.765307 -0.592163 
 0.215332 9.752149 -0.593359 
 0.215332 9.752149 -0.593359 
 0.233276 9.753345 -0.571826 
 0.233276 9.753345 -0.571826 
 0.223706 9.740186 -0.565845 
 0.223706 9.740186 -0.565845 
 0.230884 9.762915 -0.604126 
 0.230884 9.762915 -0.604126 
 0.209351 9.755737 -0.592163 
 0.209351 9.755737 -0.592163 
 0.200977 9.749756 -0.583789 
 0.200977 9.749756 -0.583789 
 0.216528 9.746167 -0.565845 
 0.216528 9.746167 -0.565845 
 0.210547 9.744970 -0.562256 
 0.210547 9.744970 -0.562256 
 0.230884 9.756933 -0.598145 
 0.230884 9.756933 -0.598145 
 0.229687 9.764112 -0.599341 
 0.229687 9.764112 -0.599341 
 0.218921 9.737793 -0.570630 
 0.218921 9.737793 -0.570630 
 0.211743 9.736597 -0.570630 
 0.211743 9.736597 -0.570630 
 0.210547 9.766504 -0.571826 
 0.210547 9.766504 -0.571826 
 0.217725 9.753345 -0.563452 
 0.217725 9.753345 -0.563452 
 0.209351 9.746167 -0.584985 
 0.209351 9.746167 -0.584985 
 0.222510 9.759326 -0.587378 
 0.222510 9.759326 -0.587378 
 0.221313 9.747363 -0.589770 
 0.221313 9.747363 -0.589770 
 0.230884 9.741382 -0.579004 
 0.230884 9.741382 -0.579004 
 0.208154 9.746167 -0.592163 
 0.208154 9.746167 -0.592163 
 0.210547 9.767700 -0.584985 
 0.210547 9.767700 -0.584985 
 0.227295 9.743774 -0.579004 
 0.227295 9.743774 -0.579004 
 0.228491 9.740186 -0.581396 
 0.228491 9.740186 -0.581396 
 0.214136 9.743774 -0.571826 
 0.214136 9.743774 -0.571826 
 0.215332 9.743774 -0.561060 
 0.215332 9.743774 -0.561060 
 0.203369 9.748560 -0.574219 
 0.203369 9.748560 -0.574219 
 0.240454 9.770093 -0.587378 
 0.240454 9.770093 -0.587378 
 0.223706 9.738989 -0.584985 
 0.223706 9.738989 -0.584985 
 0.234473 9.753345 -0.579004 
 0.234473 9.753345 -0.579004 
 0.222510 9.747363 -0.579004 
 0.222510 9.747363 -0.579004 
 0.199780 9.737793 -0.584985 
 0.199780 9.737793 -0.584985 
 0.226099 9.731812 -0.583789 
 0.226099 9.731812 -0.583789 
 0.206958 9.766504 -0.577808 
 0.206958 9.766504 -0.577808 
 0.233276 9.756933 -0.580200 
 0.233276 9.756933 -0.580200 
 0.217725 9.752149 -0.568237 
 0.217725 9.752149 -0.568237 
 0.220117 9.762915 -0.594556 
 0.220117 9.762915 -0.594556 
 0.215332 9.743774 -0.563452 
 0.215332 9.743774 -0.563452 
 0.214136 9.738989 -0.574219 
 0.214136 9.738989 -0.574219 
 0.221313 9.755737 -0.557471 
 0.221313 9.755737 -0.557471 
 0.239258 9.749756 -0.574219 
 0.239258 9.749756 -0.574219 
 0.211743 9.758130 -0.592163 
 0.211743 9.758130 -0.592163 
 0.218921 9.749756 -0.579004 
 0.218921 9.749756 -0.579004 
 0.226099 9.768896 -0.587378 
 0.226099 9.768896 -0.587378 
 0.215332 9.753345 -0.590967 
 0.215332 9.753345 -0.590967 
 0.209351 9.749756 -0.577808 
 0.209351 9.749756 -0.577808 
 0.189014 9.758130 -0.571826 
 0.189014 9.758130 -0.571826 
 0.221313 9.750952 -0.575415 
 0.221313 9.750952 -0.575415 
 0.223706 9.762915 -0.587378 
 0.223706 9.762915 -0.587378 
 0.211743 9.755737 -0.570630 
 0.211743 9.755737 -0.570630 
 0.236865 9.744970 -0.547900 
 0.236865 9.744970 -0.547900 
 0.223706 9.749756 -0.605322 
 0.223706 9.749756 -0.605322 
 0.221313 9.746167 -0.577808 
 0.221313 9.746167 -0.577808 
 0.204565 9.753345 -0.567041 
 0.204565 9.753345 -0.567041 
 0.205762 9.740186 -0.592163 
 0.205762 9.740186 -0.592163 
 0.228491 9.743774 -0.605322 
 0.228491 9.743774 -0.605322 
 0.228491 9.758130 -0.558667 
 0.228491 9.758130 -0.558667 
 0.228491 9.766504 -0.571826 
 0.228491 9.766504 -0.571826 
 0.226099 9.747363 -0.574219 
 0.226099 9.747363 -0.574219 
 0.233276 9.752149 -0.598145 
 0.233276 9.752149 -0.598145 
 0.221313 9.752149 -0.612500 
 0.221313 9.752149 -0.612500 
 0.217725 9.746167 -0.543115 
 0.217725 9.746167 -0.543115 
 0.232080 9.744970 -0.588574 
 0.232080 9.744970 -0.588574 
 0.208154 9.762915 -0.583789 
 0.208154 9.762915 -0.583789 
 0.222510 9.761719 -0.570630 
 0.222510 9.761719 -0.570630 
 0.209351 9.752149 -0.595752 
 0.209351 9.752149 -0.595752 
 0.215332 9.737793 -0.604126 
 0.215332 9.737793 -0.604126 
 0.227295 9.754541 -0.592163 
 0.227295 9.754541 -0.592163 
 0.204565 9.752149 -0.559863 
 0.204565 9.752149 -0.559863 
 0.209351 9.752149 -0.567041 
 0.209351 9.752149 -0.567041 
 0.204565 9.749756 -0.588574 
 0.204565 9.749756 -0.588574 
 0.229687 9.752149 -0.595752 
 0.229687 9.752149 -0.595752 
 0.202173 9.752149 -0.571826 
 0.202173 9.752149 -0.571826 
 0.215332 9.760523 -0.589770 
 0.215332 9.760523 -0.589770 
 0.221313 9.749756 -0.594556 
 0.221313 9.749756 -0.594556 
 0.216528 9.754541 -0.589770 
 0.216528 9.754541 -0.589770 
 0.234473 9.746167 -0.594556 
 0.234473 9.746167 -0.594556 
 0.223706 9.733007 -0.586182 
 0.223706 9.733007 -0.586182 
 0.223706 9.754541 -0.570630 
 0.222510 9.752149 -0.583789 
 0.222510 9.752149 -0.583789 
 0.210547 9.758130 -0.606519 
 0.210547 9.758130 -0.606519 
 0.232080 9.750952 -0.584985 
 0.232080 9.750952 -0.584985 
 0.206958 9.759326 -0.580200 
 0.206958 9.759326 -0.580200 
 0.215332 9.777270 -0.577808 
 0.215332 9.777270 -0.577808 
 0.212939 9.766504 -0.579004 
 0.212939 9.766504 -0.579004 
 0.226099 9.760523 -0.587378 
 0.226099 9.760523 -0.587378 
 0.209351 9.752149 -0.602930 
 0.209351 9.752149 -0.602930 
 0.215332 9.756933 -0.595752 
 0.215332 9.756933 -0.595752 
 0.212939 9.764112 -0.595752 
 0.212939 9.764112 -0.595752 
 0.208154 9.735400 -0.589770 
 0.208154 9.735400 -0.589770 
 0.220117 9.758130 -0.581396 
 0.220117 9.758130 -0.581396 
 0.202173 9.752149 -0.588574 
 0.202173 9.752149 -0.588574 
 0.208154 9.754541 -0.583789 
 0.208154 9.754541 -0.583789 
 0.230884 9.752149 -0.589770 
 0.230884 9.752149 -0.589770 
 0.217725 9.755737 -0.584985 
 0.217725 9.755737 -0.584985 
 0.215332 9.740186 -0.562256 
 0.215332 9.740186 -0.562256 
 0.206958 9.762915 -0.532349 
 0.206958 9.762915 -0.532349 
 0.214136 9.765307 -0.604126 
 0.214136 9.765307 -0.604126 
 0.202173 9.748560 -0.589770 
 0.202173 9.748560 -0.589770 
 0.208154 9.755737 -0.582593 
 0.208154 9.755737 -0.582593 
 0.206958 9.743774 -0.583789 
 0.206958 9.743774 -0.583789 
 0.214136 9.736597 -0.601733 
 0.214136 9.736597 -0.601733 
 0.194995 9.759326 -0.579004 
 0.194995 9.759326 -0.579004 
 0.232080 9.748560 -0.574219 
 0.232080 9.748560 -0.574219 
 0.221313 9.742579 -0.589770 
 0.221313 9.742579 -0.589770 
 0.199780 9.759326 -0.564648 
 0.199780 9.759326 -0.564648 
 0.224902 9.735400 -0.571826 
 0.224902 9.735400 -0.571826 
 0.215332 9.736597 -0.599341 
 0.215332 9.736597 -0.599341 
 0.220117 9.734204 -0.581396 
 0.220117 9.734204 -0.581396 
 0.218921 9.750952 -0.596948 
 0.218921 9.750952 -0.596948 
 0.228491 9.752149 -0.607715 
 0.228491 9.752149 -0.607715 
 0.222510 9.738989 -0.574219 
 0.222510 9.738989 -0.574219 
 0.227295 9.766504 -0.593359 
 0.227295 9.766504 -0.593359 
 0.217725 9.747363 -0.588574 
 0.217725 9.747363 -0.588574 
 0.223706 9.776074 -0.590967 
 0.223706 9.776074 -0.590967 
 0.238062 9.756933 -0.574219 
 0.238062 9.756933 -0.574219 
 0.224902 9.762915 -0.580200 
 0.224902 9.762915 -0.580200 
 0.224902 9.741382 -0.598145 
 0.224902 9.741382 -0.598145 
 0.223706 9.762915 -0.593359 
 0.223706 9.762915 -0.593359 
 0.216528 9.754541 -0.575415 
 0.216528 9.754541 -0.575415 
 0.227295 9.748560 -0.604126 
 0.227295 9.748560 -0.604126 
 0.218921 9.748560 -0.594556 
 0.218921 9.748560 -0.594556 
 0.216528 9.752149 -0.605322 
 0.216528 9.752149 -0.605322 
 0.204565 9.760523 -0.614893 
 0.204565 9.760523 -0.614893 
 0.206958 9.768896 -0.602930 
 0.206958 9.768896 -0.602930 
 0.224902 9.754541 -0.599341 
 0.224902 9.754541 -0.599341 
 0.223706 9.722241 -0.576611 
 0.223706 9.722241 -0.576611 
 0.220117 9.741382 -0.587378 
 0.220117 9.741382 -0.587378 
 0.234473 9.746167 -0.574219 
 0.234473 9.746167 -0.574219 
 0.230884 9.740186 -0.589770 
 0.230884 9.740186 -0.589770 
 0.226099 9.748560 -0.588574 
 0.226099 9.748560 -0.588574 
 0.218921 9.744970 -0.593359 
 0.218921 9.744970 -0.593359 
 0.227295 9.777270 -0.606519 
 0.227295 9.777270 -0.606519 
 0.220117 9.748560 -0.592163 
 0.220117 9.748560 -0.592163 
 0.220117 9.762915 -0.569434 
 0.220117 9.762915 -0.569434 
 0.230884 9.730616 -0.592163 
 0.230884 9.730616 -0.592163 
 0.214136 9.766504 -0.602930 
 0.214136 9.766504 -0.602930 
 0.227295 9.742579 -0.602930 
 0.227295 9.742579 -0.602930 
 0.204565 9.734204 -0.583789 
 0.204565 9.734204 -0.583789 
 0.221313 9.760523 -0.581396 
 0.221313 9.760523 -0.581396 
 0.211743 9.748560 -0.582593 
 0.211743 9.748560 -0.582593 
 0.223706 9.747363 -0.579004 
 0.223706 9.747363 -0.579004 
 0.218921 9.753345 -0.594556 
 0.218921 9.753345 -0.594556 
 0.211743 9.766504 -0.593359 
 0.211743 9.766504 -0.593359 
 0.199780 9.755737 -0.611304 
 0.199780 9.755737 -0.611304 
 0.222510 9.747363 -0.611304 
 0.222510 9.747363 -0.611304 
 0.227295 9.765307 -0.568237 
 0.227295 9.765307 -0.568237 
 0.232080 9.748560 -0.608911 
 0.232080 9.748560 -0.608911 
 0.236865 9.752149 -0.594556 
 0.236865 9.752149 -0.594556 
 0.216528 9.754541 -0.595752 
 0.216528 9.754541 -0.595752 
 0.214136 9.762915 -0.589770 
 0.214136 9.762915 -0.589770 
 0.221313 9.754541 -0.601733 
 0.221313 9.754541 -0.601733 
 0.228491 9.748560 -0.590967 
 0.228491 9.748560 -0.590967 
 0.204565 9.741382 -0.587378 
 0.204565 9.741382 -0.587378 
 0.222510 9.746167 -0.605322 
 0.222510 9.746167 -0.605322 
 0.210547 9.737793 -0.587378 
 0.210547 9.737793 -0.587378 
 0.218921 9.740186 -0.595752 
 0.218921 9.740186 -0.595752 
 0.224902 9.749756 -0.571826 
 0.224902 9.749756 -0.571826 
 0.212939 9.753345 -0.589770 
 0.212939 9.753345 -0.589770 
 0.206958 9.747363 -0.600537 
 0.206958 9.747363 -0.600537 
 0.215332 9.738989 -0.587378 
 0.215332 9.738989 -0.587378 
 0.221313 9.759326 -0.592163 
 0.221313 9.759326 -0.592163 
 0.199780 9.750952 -0.588574 
 0.199780 9.750952 -0.588574 
 0.222510 9.744970 -0.586182 
 0.222510 9.744970 -0.586182 
 0.212939 9.752149 -0.562256 
 0.212939 9.752149 -0.562256 
 0.190210 9.748560 -0.601733 
 0.190210 9.748560 -0.601733 
 0.220117 9.740186 -0.570630 
 0.220117 9.740186 -0.570630 
 0.208154 9.750952 -0.589770 
 0.208154 9.750952 -0.589770 
 0.221313 9.767700 -0.581396 
 0.221313 9.767700 -0.581396 
 0.208154 9.762915 -0.601733 
 0.208154 9.762915 -0.601733 
 0.214136 9.730616 -0.576611 
 0.214136 9.730616 -0.576611 
 0.218921 9.752149 -0.598145 
 0.218921 9.752149 -0.598145 
 0.230884 9.749756 -0.593359 
 0.230884 9.749756 -0.593359 
 0.220117 9.740186 -0.584985 
 0.220117 9.740186 -0.584985 
 0.204565 9.754541 -0.604126 
 0.204565 9.754541 -0.604126 
 0.210547 9.744970 -0.583789 
 0.210547 9.744970 -0.583789 
 0.209351 9.759326 -0.587378 
 0.209351 9.759326 -0.587378 
 0.222510 9.746167 -0.571826 
 0.222510 9.746167 -0.571826 
 0.222510 9.761719 -0.582593 
 0.222510 9.761719 -0.582593 
 0.221313 9.753345 -0.584985 
 0.221313 9.753345 -0.584985 
 0.221313 9.740186 -0.582593 
 0.221313 9.740186 -0.582593 
 0.222510 9.743774 -0.593359 
 0.222510 9.743774 -0.593359 
 0.232080 9.764112 -0.573022 
 0.232080 9.764112 -0.573022 
 0.216528 9.750952 -0.563452 
 0.216528 9.750952 -0.563452 
 0.234473 9.735400 -0.586182 
 0.234473 9.735400 -0.586182 
 0.211743 9.750952 -0.581396 
 0.211743 9.750952 -0.581396 
 0.218921 9.759326 -0.618481 
 0.218921 9.759326 -0.618481 
 0.222510 9.760523 -0.604126 
 0.222510 9.760523 -0.604126 
 0.208154 9.737793 -0.594556 
 0.208154 9.737793 -0.594556 
 0.210547 9.738989 -0.599341 
 0.210547 9.738989 -0.599341 
 0.209351 9.746167 -0.581396 
 0.209351 9.746167 -0.581396 
 0.218921 9.765307 -0.581396 
 0.218921 9.765307 -0.581396 
 0.211743 9.758130 -0.590967 
 0.211743 9.758130 -0.590967 
 0.220117 9.767700 -0.589770 
 0.220117 9.767700 -0.589770 
 0.220117 9.740186 -0.570630 
 0.220117 9.740186 -0.570630 
 0.230884 9.764112 -0.567041 
 0.230884 9.764112 -0.567041 
 0.220117 9.770093 -0.582593 
 0.220117 9.770093 -0.582593 
 0.224902 9.750952 -0.555078 
 0.224902 9.750952 -0.555078 
 0.208154 9.748560 -0.586182 
 0.208154 9.748560 -0.586182 
 0.206958 9.734204 -0.598145 
 0.206958 9.734204 -0.598145 
 0.211743 9.737793 -0.584985 
 0.211743 9.737793 -0.584985 
 0.209351 9.749756 -0.594556 
 0.209351 9.749756 -0.594556 
 0.218921 9.760523 -0.593359 
 0.218921 9.760523 -0.593359 
 0.203369 9.740186 -0.596948 
 0.203369 9.740186 -0.596948 
 0.210547 9.750952 -0.593359 
 0.210547 9.750952 -0.593359 
 0.210547 9.758130 -0.571826 
 0.210547 9.758130 -0.571826 
 0.220117 9.741382 -0.584985 
 0.220117 9.741382 -0.584985 
 0.215332 9.730616 -0.586182 
 0.215332 9.730616 -0.586182 
 0.234473 9.748560 -0.584985 
 0.234473 9.748560 -0.584985 
 0.202173 9.767700 -0.608911 
 0.202173 9.767700 -0.608911 
 0.221313 9.743774 -0.593359 
 0.221313 9.743774 -0.593359 
 0.235669 9.756933 -0.584985 
 0.235669 9.756933 -0.584985 
 0.217725 9.733007 -0.589770 
 0.217725 9.733007 -0.589770 
 0.199780 9.742579 -0.586182 
 0.199780 9.742579 -0.586182 
 0.217725 9.743774 -0.604126 
 0.217725 9.743774 -0.604126 
 0.233276 9.759326 -0.583789 
 0.233276 9.759326 -0.583789 
 0.226099 9.746167 -0.594556 
 0.226099 9.746167 -0.594556 
 0.215332 9.754541 -0.594556 
 0.215332 9.754541 -0.594556 
 0.228491 9.737793 -0.610107 
 0.228491 9.737793 -0.610107 
 0.228491 9.738989 -0.586182 
 0.228491 9.738989 -0.586182 
 0.222510 9.762915 -0.579004 
 0.222510 9.762915 -0.579004 
 0.220117 9.756933 -0.564648 
 0.220117 9.756933 -0.564648 
 0.212939 9.749756 -0.583789 
 0.212939 9.749756 -0.583789 
 0.206958 9.761719 -0.583789 
 0.206958 9.761719 -0.583789 
 0.221313 9.772486 -0.587378 
 0.221313 9.772486 -0.587378 
 0.223706 9.766504 -0.589770 
 0.223706 9.766504 -0.589770 
 0.218921 9.761719 -0.604126 
 0.218921 9.761719 -0.604126 
 0.203369 9.730616 -0.595752 
 0.203369 9.730616 -0.595752 
 0.217725 9.755737 -0.602930 
 0.217725 9.755737 -0.602930 
 0.220117 9.752149 -0.606519 
 0.220117 9.752149 -0.606519 
 0.220117 9.743774 -0.604126 
 0.220117 9.743774 -0.604126 
 0.220117 9.740186 -0.584985 
 0.220117 9.740186 -0.584985 
 0.223706 9.734204 -0.579004 
 0.223706 9.734204 -0.579004 
 0.232080 9.748560 -0.594556 
 0.232080 9.748560 -0.594556 
 0.209351 9.750952 -0.599341 
 0.209351 9.750952 -0.599341 
 0.205762 9.764112 -0.568237 
 0.205762 9.764112 -0.568237 
 0.226099 9.776074 -0.595752 
 0.226099 9.776074 -0.595752 
 0.220117 9.743774 -0.573022 
 0.220117 9.743774 -0.573022 
 0.232080 9.768896 -0.571826 
 0.232080 9.768896 -0.571826 
 0.217725 9.761719 -0.594556 
 0.217725 9.761719 -0.594556 
 0.234473 9.760523 -0.575415 
 0.234473 9.760523 -0.575415 
 0.220117 9.744970 -0.589770 
 0.220117 9.744970 -0.589770 
 0.214136 9.752149 -0.593359 
 0.214136 9.752149 -0.593359 
 0.215332 9.755737 -0.583789 
 0.215332 9.755737 -0.583789 
 0.198584 9.741382 -0.579004 
 0.198584 9.741382 -0.579004 
 0.206958 9.738989 -0.590967 
 0.206958 9.738989 -0.590967 
 0.224902 9.755737 -0.563452 
 0.224902 9.755737 -0.563452 
 0.222510 9.741382 -0.580200 
 0.222510 9.741382 -0.580200 
 0.228491 9.746167 -0.569434 
 0.228491 9.746167 -0.569434 
 0.208154 9.759326 -0.590967 
 0.208154 9.759326 -0.590967 
 0.208154 9.759326 -0.586182 
 0.208154 9.759326 -0.586182 
 0.216528 9.748560 -0.581396 
 0.216528 9.748560 -0.581396 
 0.234473 9.734204 -0.596948 
 0.234473 9.734204 -0.596948 
 0.218921 9.733007 -0.580200 
 0.218921 9.733007 -0.580200 
 0.221313 9.758130 -0.593359 
 0.221313 9.758130 -0.593359 
 0.215332 9.746167 -0.613696 
 0.215332 9.746167 -0.613696 
 0.214136 9.752149 -0.571826 
 0.214136 9.752149 -0.571826 
 0.221313 9.752149 -0.567041 
 0.221313 9.752149 -0.567041 
 0.222510 9.749756 -0.564648 
 0.222510 9.749756 -0.564648 
 0.202173 9.749756 -0.592163 
 0.202173 9.749756 -0.592163 
 0.216528 9.755737 -0.582593 
 0.216528 9.755737 -0.582593 
 0.210547 9.758130 -0.599341 
 0.210547 9.758130 -0.599341 
 0.211743 9.761719 -0.592163 
 0.211743 9.761719 -0.592163 
 0.214136 9.752149 -0.601733 
 0.214136 9.752149 -0.601733 
 0.208154 9.740186 -0.600537 
 0.208154 9.740186 -0.600537 
 0.206958 9.747363 -0.579004 
 0.206958 9.747363 -0.579004 
 0.230884 9.741382 -0.586182 
 0.230884 9.741382 -0.586182 
 0.211743 9.747363 -0.567041 
 0.211743 9.747363 -0.567041 
 0.212939 9.754541 -0.587378 
 0.212939 9.754541 -0.587378 
 0.223706 9.754541 -0.577808 
 0.223706 9.754541 -0.577808 
 0.224902 9.737793 -0.594556 
 0.224902 9.737793 -0.594556 
 0.212939 9.743774 -0.600537 
 0.212939 9.743774 -0.600537 
 0.222510 9.752149 -0.580200 
 0.222510 9.752149 -0.580200 
 0.210547 9.759326 -0.570630 
 0.210547 9.759326 -0.570630 
 0.218921 9.752149 -0.592163 
 0.218921 9.752149 -0.592163 
 0.204565 9.734204 -0.574219 
 0.204565 9.734204 -0.574219 
 0.217725 9.742579 -0.600537 
 0.217725 9.742579 -0.600537 
 0.215332 9.741382 -0.583789 
 0.215332 9.741382 -0.583789 
 0.218921 9.756933 -0.583789 
 0.218921 9.756933 -0.583789 
 0.223706 9.761719 -0.587378 
 0.223706 9.761719 -0.587378 
 0.223706 9.743774 -0.593359 
 0.223706 9.743774 -0.593359 
 0.234473 9.750952 -0.582593 
 0.234473 9.750952 -0.582593 
 0.218921 9.742579 -0.588574 
 0.218921 9.742579 -0.588574 
 0.217725 9.753345 -0.569434 
 0.217725 9.753345 -0.569434 
 0.228491 9.759326 -0.581396 
 0.228491 9.759326 -0.581396 
 0.205762 9.773682 -0.581396 
 0.205762 9.773682 -0.581396 
 0.204565 9.747363 -0.593359 
 0.204565 9.747363 -0.593359 
 0.238062 9.765307 -0.577808 
 0.238062 9.765307 -0.577808 
 0.230884 9.765307 -0.574219 
 0.230884 9.765307 -0.574219 
 0.214136 9.742579 -0.584985 
 0.214136 9.742579 -0.584985 
 0.234473 9.747363 -0.567041 
 0.234473 9.747363 -0.567041 
 0.206958 9.749756 -0.569434 
 0.206958 9.749756 -0.569434 
 0.220117 9.742579 -0.556274 
 0.220117 9.742579 -0.556274 
 0.229687 9.756933 -0.592163 
 0.229687 9.756933 -0.592163 
 0.218921 9.772486 -0.588574 
 0.218921 9.772486 -0.588574 
 0.202173 9.749756 -0.588574 
 0.202173 9.749756 -0.588574 
 0.194995 9.764112 -0.573022 
 0.194995 9.764112 -0.573022 
 0.196191 9.750952 -0.584985 
 0.196191 9.750952 -0.584985 
 0.205762 9.756933 -0.612500 
 0.205762 9.756933 -0.612500 
 0.229687 9.752149 -0.557471 
 0.229687 9.752149 -0.557471 
 0.216528 9.740186 -0.612500 
 0.216528 9.740186 -0.612500 
 0.218921 9.760523 -0.569434 
 0.218921 9.760523 -0.569434 
 0.206958 9.740186 -0.610107 
 0.206958 9.740186 -0.610107 
 0.234473 9.750952 -0.590967 
 0.234473 9.750952 -0.590967 
 0.200977 9.754541 -0.598145 
 0.200977 9.754541 -0.598145 
 0.203369 9.738989 -0.561060 
 0.203369 9.738989 -0.561060 
 0.235669 9.746167 -0.570630 
 0.235669 9.746167 -0.570630 
 0.227295 9.758130 -0.579004 
 0.227295 9.758130 -0.579004 
 0.200977 9.754541 -0.573022 
 0.200977 9.754541 -0.573022 
 0.221313 9.752149 -0.598145 
 0.221313 9.752149 -0.598145 
 0.214136 9.736597 -0.592163 
 0.214136 9.736597 -0.592163 
 0.227295 9.740186 -0.574219 
 0.227295 9.740186 -0.574219 
 0.212939 9.776074 -0.614893 
 0.212939 9.776074 -0.614893 
 0.221313 9.760523 -0.600537 
 0.221313 9.760523 -0.600537 
 0.216528 9.743774 -0.616089 
 0.216528 9.743774 -0.616089 
 0.236865 9.750952 -0.588574 
 0.236865 9.750952 -0.588574 
 0.220117 9.749756 -0.552686 
 0.220117 9.749756 -0.552686 
 0.212939 9.759326 -0.567041 
 0.212939 9.759326 -0.567041 
 0.209351 9.747363 -0.594556 
 0.209351 9.747363 -0.594556 
 0.209351 9.759326 -0.613696 
 0.209351 9.759326 -0.613696 
 0.227295 9.758130 -0.565845 
 0.227295 9.758130 -0.565845 
 0.212939 9.743774 -0.584985 
 0.212939 9.743774 -0.584985 
 0.216528 9.750952 -0.565845 
 0.216528 9.750952 -0.565845 
 0.215332 9.749756 -0.593359 
 0.215332 9.749756 -0.593359 
 0.216528 9.736597 -0.579004 
 0.216528 9.736597 -0.579004 
 0.211743 9.747363 -0.592163 
 0.211743 9.747363 -0.592163 
 0.218921 9.762915 -0.568237 
 0.218921 9.762915 -0.568237 
 0.205762 9.753345 -0.565845 
 0.205762 9.753345 -0.565845 
 0.187817 9.744970 -0.576611 
 0.187817 9.744970 -0.576611 
 0.203369 9.767700 -0.595752 
 0.203369 9.767700 -0.595752 
 0.200977 9.777270 -0.570630 
 0.200977 9.777270 -0.570630 
 0.216528 9.752149 -0.575415 
 0.216528 9.752149 -0.575415 
 0.226099 9.752149 -0.584985 
 0.226099 9.752149 -0.584985 
 0.211743 9.754541 -0.604126 
 0.211743 9.754541 -0.604126 
 0.221313 9.762915 -0.604126 
 0.221313 9.762915 -0.604126 
 0.229687 9.752149 -0.595752 
 0.229687 9.752149 -0.595752 
 0.211743 9.764112 -0.568237 
 0.211743 9.764112 -0.568237 
 0.192603 9.733007 -0.579004 
 0.192603 9.733007 -0.579004 
 0.229687 9.740186 -0.604126 
 0.229687 9.740186 -0.604126 
 0.232080 9.744970 -0.595752 
 0.232080 9.744970 -0.595752 
 0.193799 9.748560 -0.582593 
 0.193799 9.748560 -0.582593 
 0.227295 9.771289 -0.551489 
 0.227295 9.771289 -0.551489 
 0.208154 9.758130 -0.581396 
 0.208154 9.758130 -0.581396 
 0.236865 9.750952 -0.632837 
 0.236865 9.750952 -0.632837 
 0.222510 9.748560 -0.602930 
 0.222510 9.748560 -0.602930 
 0.216528 9.752149 -0.600537 
 0.216528 9.752149 -0.600537 
 0.200977 9.748560 -0.579004 
 0.200977 9.748560 -0.579004 
 0.230884 9.733007 -0.593359 
 0.230884 9.733007 -0.593359 
 0.223706 9.750952 -0.574219 
 0.223706 9.750952 -0.574219 
 0.224902 9.765307 -0.567041 
 0.224902 9.765307 -0.567041 
 0.220117 9.750952 -0.576611 
 0.220117 9.750952 -0.576611 
 0.215332 9.723437 -0.580200 
 0.215332 9.723437 -0.580200 
 0.214136 9.743774 -0.588574 
 0.214136 9.743774 -0.588574 
 0.214136 9.736597 -0.573022 
 0.214136 9.736597 -0.573022 
 0.211743 9.760523 -0.570630 
 0.211743 9.760523 -0.570630 
 0.221313 9.748560 -0.565845 
 0.221313 9.748560 -0.565845 
 0.215332 9.743774 -0.559863 
 0.215332 9.743774 -0.559863 
 0.206958 9.752149 -0.574219 
 0.206958 9.752149 -0.574219 
 0.217725 9.754541 -0.576611 
 0.217725 9.754541 -0.576611 
 0.222510 9.742579 -0.581396 
 0.222510 9.742579 -0.581396 
 0.223706 9.760523 -0.598145 
 0.223706 9.760523 -0.598145 
 0.218921 9.749756 -0.581396 
 0.218921 9.749756 -0.581396 
 0.228491 9.762915 -0.544312 
 0.228491 9.762915 -0.544312 
 0.226099 9.786840 -0.595752 
 0.226099 9.786840 -0.595752 
 0.209351 9.742579 -0.606519 
 0.209351 9.742579 -0.606519 
 0.212939 9.761719 -0.604126 
 0.212939 9.761719 -0.604126 
 0.216528 9.754541 -0.565845 
 0.216528 9.754541 -0.565845 
 0.215332 9.758130 -0.582593 
 0.215332 9.758130 -0.582593 
 0.208154 9.758130 -0.567041 
 0.208154 9.758130 -0.567041 
 0.228491 9.753345 -0.601733 
 0.228491 9.753345 -0.601733 
 0.212939 9.738989 -0.594556 
 0.212939 9.738989 -0.594556 
 0.246436 9.729419 -0.608911 
 0.246436 9.729419 -0.608911 
 0.227295 9.736597 -0.584985 
 0.227295 9.736597 -0.584985 
 0.227295 9.752149 -0.582593 
 0.227295 9.752149 -0.582593 
 0.216528 9.743774 -0.607715 
 0.216528 9.743774 -0.607715 
 0.218921 9.741382 -0.587378 
 0.218921 9.741382 -0.587378 
 0.242847 9.756933 -0.570630 
 0.242847 9.756933 -0.570630 
 0.218921 9.755737 -0.590967 
 0.218921 9.755737 -0.590967 
 0.196191 9.764112 -0.551489 
 0.196191 9.764112 -0.551489 
 0.216528 9.752149 -0.595752 
 0.216528 9.752149 -0.595752 
 0.208154 9.747363 -0.577808 
 0.208154 9.747363 -0.577808 
 0.221313 9.728223 -0.587378 
 0.221313 9.728223 -0.587378 
 0.199780 9.759326 -0.582593 
 0.199780 9.759326 -0.582593 
 0.202173 9.766504 -0.568237 
 0.202173 9.766504 -0.568237 
 0.202173 9.744970 -0.567041 
 0.202173 9.744970 -0.567041 
 0.204565 9.748560 -0.580200 
 0.204565 9.748560 -0.580200 
 0.220117 9.734204 -0.604126 
 0.220117 9.734204 -0.604126 
 0.228491 9.755737 -0.569434 
 0.228491 9.755737 -0.569434 
 0.206958 9.750952 -0.564648 
 0.206958 9.750952 -0.564648 
 0.211743 9.731812 -0.588574 
 0.211743 9.731812 -0.588574 
 0.212939 9.753345 -0.553882 
 0.212939 9.753345 -0.553882 
 0.236865 9.734204 -0.594556 
 0.236865 9.734204 -0.594556 
 0.215332 9.748560 -0.590967 
 0.215332 9.748560 -0.590967 
 0.193799 9.758130 -0.580200 
 0.193799 9.758130 -0.580200 
 0.215332 9.752149 -0.599341 
 0.215332 9.752149 -0.599341 
 0.223706 9.755737 -0.595752 
 0.223706 9.755737 -0.595752 
 0.227295 9.753345 -0.584985 
 0.227295 9.753345 -0.584985 
 0.214136 9.755737 -0.565845 
 0.214136 9.755737 -0.565845 
 0.206958 9.755737 -0.599341 
 0.206958 9.755737 -0.599341 
 0.230884 9.758130 -0.581396 
 0.230884 9.758130 -0.581396 
 0.208154 9.754541 -0.577808 
 0.208154 9.754541 -0.577808 
 0.212939 9.748560 -0.595752 
 0.212939 9.748560 -0.595752 
 0.224902 9.742579 -0.588574 
 0.224902 9.742579 -0.588574 
 0.212939 9.750952 -0.588574 
 0.212939 9.750952 -0.588574 
 0.223706 9.758130 -0.613696 
 0.223706 9.758130 -0.613696 
 0.210547 9.773682 -0.598145 
 0.210547 9.773682 -0.598145 
 0.196191 9.738989 -0.575415 
 0.196191 9.738989 -0.575415 
 0.221313 9.748560 -0.581396 
 0.221313 9.748560 -0.581396 
 0.224902 9.747363 -0.573022 
 0.224902 9.747363 -0.573022 
 0.226099 9.759326 -0.586182 
 0.226099 9.759326 -0.586182 
 0.221313 9.734204 -0.577808 
 0.221313 9.734204 -0.577808 
 0.208154 9.768896 -0.588574 
 0.208154 9.768896 -0.588574 
 0.212939 9.742579 -0.593359 
 0.212939 9.742579 -0.593359 
 0.224902 9.750952 -0.602930 
 0.224902 9.750952 -0.602930 
 0.203369 9.744970 -0.569434 
 0.203369 9.744970 -0.569434 
 0.214136 9.734204 -0.577808 
 0.214136 9.734204 -0.577808 
 0.193799 9.730616 -0.586182 
 0.193799 9.730616 -0.586182 
 0.226099 9.748560 -0.576611 
 0.226099 9.748560 -0.576611 
 0.229687 9.756933 -0.595752 
 0.229687 9.756933 -0.595752 
 0.205762 9.748560 -0.587378 
 0.205762 9.748560 -0.587378 
 0.222510 9.761719 -0.580200 
 0.222510 9.761719 -0.580200 
 0.214136 9.741382 -0.575415 
 0.214136 9.741382 -0.575415 
 0.224902 9.731812 -0.582593 
 0.224902 9.731812 -0.582593 
 0.216528 9.764112 -0.563452 
 0.216528 9.764112 -0.563452 
 0.215332 9.768896 -0.583789 
 0.215332 9.768896 -0.583789 
 0.208154 9.752149 -0.573022 
 0.208154 9.752149 -0.573022 
 0.208154 9.749756 -0.600537 
 0.208154 9.749756 -0.600537 
 0.204565 9.756933 -0.589770 
 0.204565 9.756933 -0.589770 
 0.215332 9.753345 -0.558667 
 0.215332 9.753345 -0.558667 
 0.212939 9.758130 -0.570630 
 0.212939 9.758130 -0.570630 
 0.226099 9.746167 -0.576611 
 0.226099 9.746167 -0.576611 
 0.228491 9.741382 -0.598145 
 0.228491 9.741382 -0.598145 
 0.217725 9.748560 -0.598145 
 0.217725 9.748560 -0.598145 
 0.206958 9.729419 -0.577808 
 0.206958 9.729419 -0.577808 
 0.236865 9.744970 -0.592163 
 0.236865 9.744970 -0.592163 
 0.229687 9.744970 -0.580200 
 0.229687 9.744970 -0.580200 
 0.232080 9.746167 -0.596948 
 0.232080 9.746167 -0.596948 
 0.226099 9.765307 -0.590967 
 0.226099 9.765307 -0.590967 
 0.205762 9.743774 -0.575415 
 0.205762 9.743774 -0.575415 
 0.234473 9.746167 -0.562256 
 0.234473 9.746167 -0.562256 
 0.206958 9.748560 -0.595752 
 0.206958 9.748560 -0.595752 
 0.208154 9.765307 -0.567041 
 0.208154 9.765307 -0.567041 
 0.217725 9.731812 -0.582593 
 0.217725 9.731812 -0.582593 
 0.220117 9.743774 -0.604126 
 0.220117 9.743774 -0.604126 
 0.229687 9.747363 -0.600537 
 0.229687 9.747363 -0.600537 
 0.218921 9.728223 -0.553882 
 0.218921 9.728223 -0.553882 
 0.212939 9.746167 -0.577808 
 0.212939 9.746167 -0.577808 
 0.222510 9.744970 -0.608911 
 0.222510 9.744970 -0.608911 
 0.224902 9.747363 -0.590967 
 0.224902 9.747363 -0.590967 
 0.226099 9.749756 -0.559863 
 0.226099 9.749756 -0.559863 
 0.215332 9.736597 -0.589770 
 0.215332 9.736597 -0.589770 
 0.205762 9.758130 -0.590967 
 0.205762 9.758130 -0.590967 
 0.235669 9.758130 -0.589770 
 0.235669 9.758130 -0.589770 
 0.217725 9.749756 -0.598145 
 0.217725 9.749756 -0.598145 
 0.228491 9.762915 -0.569434 
 0.228491 9.762915 -0.569434 
 0.211743 9.734204 -0.586182 
 0.211743 9.734204 -0.586182 
 0.220117 9.759326 -0.576611 
 0.220117 9.759326 -0.576611 
 0.197388 9.760523 -0.583789 
 0.197388 9.760523 -0.583789 
 0.211743 9.760523 -0.582593 
 0.211743 9.760523 -0.582593 
 0.216528 9.750952 -0.589770 
 0.216528 9.750952 -0.589770 
 0.224902 9.740186 -0.601733 
 0.224902 9.740186 -0.601733 
 0.205762 9.743774 -0.553882 
 0.205762 9.743774 -0.553882 
 0.216528 9.746167 -0.584985 
 0.216528 9.746167 -0.584985 
 