0.234473 0.111255 -10.692431 
 0.216528 0.093311 -10.693628 
 0.216528 0.093311 -10.693628 
 0.227295 0.111255 -10.678076 
 0.227295 0.111255 -10.678076 
 0.222510 0.090918 -10.667310 
 0.222510 0.090918 -10.667310 
 0.218921 0.107666 -10.688843 
 0.218921 0.107666 -10.688843 
 0.224902 0.100488 -10.688843 
 0.224902 0.100488 -10.688843 
 0.245239 0.096899 -10.670898 
 0.245239 0.096899 -10.670898 
 0.234473 0.104077 -10.668506 
 0.234473 0.104077 -10.668506 
 0.216528 0.112451 -10.678076 
 0.216528 0.112451 -10.678076 
 0.229687 0.100488 -10.686450 
 0.229687 0.100488 -10.686450 
 0.234473 0.106470 -10.681665 
 0.234473 0.106470 -10.681665 
 0.224902 0.107666 -10.696020 
 0.224902 0.107666 -10.696020 
 0.215332 0.106470 -10.688843 
 0.215332 0.106470 -10.688843 
 0.218921 0.119629 -10.678076 
 0.218921 0.119629 -10.678076 
 0.246436 0.107666 -10.680469 
 0.246436 0.107666 -10.680469 
 0.227295 0.101685 -10.679273 
 0.227295 0.101685 -10.679273 
 0.214136 0.104077 -10.679273 
 0.214136 0.104077 -10.679273 
 0.215332 0.086133 -10.673291 
 0.215332 0.086133 -10.673291 
 0.223706 0.111255 -10.657740 
 0.223706 0.111255 -10.657740 
 0.229687 0.106470 -10.669703 
 0.229687 0.106470 -10.669703 
 0.230884 0.096899 -10.660131 
 0.230884 0.096899 -10.660131 
 0.226099 0.120825 -10.663721 
 0.226099 0.120825 -10.663721 
 0.222510 0.075366 -10.672094 
 0.222510 0.075366 -10.672094 
 0.229687 0.106470 -10.668506 
 0.229687 0.106470 -10.668506 
 0.221313 0.081348 -10.687647 
 0.221313 0.081348 -10.687647 
 0.236865 0.101685 -10.664917 
 0.236865 0.101685 -10.664917 
 0.233276 0.099292 -10.704394 
 0.233276 0.099292 -10.704394 
 0.206958 0.102881 -10.691236 
 0.206958 0.102881 -10.691236 
 0.220117 0.099292 -10.682861 
 0.220117 0.099292 -10.682861 
 0.230884 0.105273 -10.691236 
 0.230884 0.105273 -10.691236 
 0.222510 0.112451 -10.669703 
 0.222510 0.112451 -10.669703 
 0.223706 0.094507 -10.693628 
 0.223706 0.094507 -10.693628 
 0.221313 0.092114 -10.687647 
 0.221313 0.092114 -10.687647 
 0.227295 0.113647 -10.692431 
 0.227295 0.113647 -10.692431 
 0.211743 0.102881 -10.666113 
 0.211743 0.102881 -10.666113 
 0.223706 0.099292 -10.678076 
 0.239258 0.095703 -10.669703 
 0.239258 0.095703 -10.669703 
 0.212939 0.104077 -10.672094 
 0.212939 0.104077 -10.672094 
 0.229687 0.108862 -10.672094 
 0.229687 0.108862 -10.672094 
 0.215332 0.077759 -10.700806 
 0.215332 0.077759 -10.700806 
 0.222510 0.102881 -10.670898 
 0.222510 0.102881 -10.670898 
 0.216528 0.082544 -10.685254 
 0.216528 0.082544 -10.685254 
 0.216528 0.093311 -10.685254 
 0.216528 0.093311 -10.685254 
 0.216528 0.106470 -10.680469 
 0.216528 0.106470 -10.680469 
 0.228491 0.087329 -10.672094 
 0.228491 0.087329 -10.672094 
 0.241650 0.108862 -10.673291 
 0.241650 0.108862 -10.673291 
 0.224902 0.106470 -10.698413 
 0.224902 0.106470 -10.698413 
 0.228491 0.102881 -10.652954 
 0.228491 0.102881 -10.652954 
 0.220117 0.106470 -10.673291 
 0.220117 0.106470 -10.673291 
 0.242847 0.104077 -10.702002 
 0.242847 0.104077 -10.702002 
 0.250024 0.117236 -10.686450 
 0.250024 0.117236 -10.686450 
 0.228491 0.112451 -10.688843 
 0.228491 0.112451 -10.688843 
 0.216528 0.089722 -10.655347 
 0.216528 0.089722 -10.655347 
 0.228491 0.092114 -10.672094 
 0.228491 0.092114 -10.672094 
 0.217725 0.113647 -10.668506 
 0.217725 0.113647 -10.668506 
 0.210547 0.101685 -10.668506 
 0.210547 0.101685 -10.668506 
 0.215332 0.080151 -10.673291 
 0.215332 0.080151 -10.673291 
 0.232080 0.087329 -10.715161 
 0.232080 0.087329 -10.715161 
 0.220117 0.098096 -10.667310 
 0.220117 0.098096 -10.667310 
 0.234473 0.096899 -10.676880 
 0.234473 0.096899 -10.676880 
 0.194995 0.089722 -10.673291 
 0.194995 0.089722 -10.673291 
 0.220117 0.100488 -10.682861 
 0.220117 0.100488 -10.682861 
 0.217725 0.100488 -10.690039 
 0.217725 0.100488 -10.690039 
 0.209351 0.104077 -10.670898 
 0.209351 0.104077 -10.670898 
 0.230884 0.105273 -10.675684 
 0.230884 0.105273 -10.675684 
 0.235669 0.110059 -10.670898 
 0.235669 0.110059 -10.670898 
 0.224902 0.102881 -10.682861 
 0.224902 0.102881 -10.682861 
 0.216528 0.118433 -10.678076 
 0.216528 0.118433 -10.678076 
 0.221313 0.094507 -10.688843 
 0.221313 0.094507 -10.688843 
 0.215332 0.105273 -10.666113 
 0.215332 0.105273 -10.666113 
 0.226099 0.101685 -10.673291 
 0.226099 0.101685 -10.673291 
 0.206958 0.100488 -10.692431 
 0.206958 0.100488 -10.692431 
 0.224902 0.102881 -10.679273 
 0.224902 0.102881 -10.679273 
 0.245239 0.110059 -10.648169 
 0.245239 0.110059 -10.648169 
 0.216528 0.089722 -10.680469 
 0.216528 0.089722 -10.680469 
 0.224902 0.116040 -10.694824 
 0.224902 0.116040 -10.694824 
 0.220117 0.113647 -10.685254 
 0.220117 0.113647 -10.685254 
 0.226099 0.094507 -10.664917 
 0.226099 0.094507 -10.664917 
 0.228491 0.102881 -10.646973 
 0.228491 0.102881 -10.646973 
 0.222510 0.098096 -10.675684 
 0.222510 0.098096 -10.675684 
 0.234473 0.117236 -10.673291 
 0.234473 0.117236 -10.673291 
 0.226099 0.125610 -10.669703 
 0.226099 0.125610 -10.669703 
 0.230884 0.123218 -10.669703 
 0.230884 0.123218 -10.669703 
 0.232080 0.081348 -10.700806 
 0.232080 0.081348 -10.700806 
 0.206958 0.133984 -10.686450 
 0.206958 0.133984 -10.686450 
 0.229687 0.105273 -10.661328 
 0.229687 0.105273 -10.661328 
 0.204565 0.107666 -10.673291 
 0.204565 0.107666 -10.673291 
 0.227295 0.136377 -10.669703 
 0.227295 0.136377 -10.669703 
 0.242847 0.110059 -10.651758 
 0.242847 0.110059 -10.651758 
 0.227295 0.110059 -10.655347 
 0.227295 0.110059 -10.655347 
 0.211743 0.110059 -10.707983 
 0.211743 0.110059 -10.707983 
 0.236865 0.105273 -10.675684 
 0.236865 0.105273 -10.675684 
 0.218921 0.101685 -10.704394 
 0.218921 0.101685 -10.704394 
 0.205762 0.114844 -10.675684 
 0.205762 0.114844 -10.675684 
 0.232080 0.090918 -10.666113 
 0.232080 0.090918 -10.666113 
 0.209351 0.106470 -10.670898 
 0.209351 0.106470 -10.670898 
 0.217725 0.100488 -10.661328 
 0.217725 0.100488 -10.661328 
 0.246436 0.099292 -10.684057 
 0.246436 0.099292 -10.684057 
 0.229687 0.102881 -10.688843 
 0.229687 0.102881 -10.688843 
 0.224902 0.094507 -10.682861 
 0.224902 0.094507 -10.682861 
 0.239258 0.098096 -10.678076 
 0.239258 0.098096 -10.678076 
 0.230884 0.101685 -10.666113 
 0.230884 0.101685 -10.666113 
 0.242847 0.122021 -10.692431 
 0.242847 0.122021 -10.692431 
 0.221313 0.099292 -10.691236 
 0.221313 0.099292 -10.691236 
 0.229687 0.104077 -10.675684 
 0.229687 0.104077 -10.675684 
 0.206958 0.089722 -10.676880 
 0.206958 0.089722 -10.676880 
 0.200977 0.096899 -10.667310 
 0.200977 0.096899 -10.667310 
 0.212939 0.092114 -10.688843 
 0.212939 0.092114 -10.688843 
 0.214136 0.092114 -10.694824 
 0.214136 0.092114 -10.694824 
 0.229687 0.098096 -10.704394 
 0.229687 0.098096 -10.704394 
 0.220117 0.108862 -10.674487 
 0.220117 0.108862 -10.674487 
 0.215332 0.107666 -10.678076 
 0.215332 0.107666 -10.678076 
 0.235669 0.100488 -10.660131 
 0.235669 0.100488 -10.660131 
 0.222510 0.113647 -10.642187 
 0.222510 0.113647 -10.642187 
 0.218921 0.099292 -10.674487 
 0.218921 0.099292 -10.674487 
 0.228491 0.092114 -10.678076 
 0.228491 0.092114 -10.678076 
 0.222510 0.108862 -10.690039 
 0.222510 0.108862 -10.690039 
 0.208154 0.104077 -10.670898 
 0.208154 0.104077 -10.670898 
 0.230884 0.101685 -10.685254 
 0.230884 0.101685 -10.685254 
 0.217725 0.090918 -10.646973 
 0.217725 0.090918 -10.646973 
 0.208154 0.113647 -10.660131 
 0.208154 0.113647 -10.660131 
 0.234473 0.094507 -10.699610 
 0.234473 0.094507 -10.699610 
 0.236865 0.120825 -10.698413 
 0.236865 0.120825 -10.698413 
 0.206958 0.111255 -10.694824 
 0.206958 0.111255 -10.694824 
 0.227295 0.086133 -10.684057 
 0.227295 0.086133 -10.684057 
 0.226099 0.088525 -10.684057 
 0.226099 0.088525 -10.684057 
 0.224902 0.090918 -10.660131 
 0.224902 0.090918 -10.660131 
 0.211743 0.107666 -10.694824 
 0.211743 0.107666 -10.694824 
 0.215332 0.101685 -10.692431 
 0.215332 0.101685 -10.692431 
 0.216528 0.101685 -10.676880 
 0.216528 0.101685 -10.676880 
 0.216528 0.089722 -10.697217 
 0.216528 0.089722 -10.697217 
 0.222510 0.107666 -10.688843 
 0.222510 0.107666 -10.688843 
 0.214136 0.108862 -10.672094 
 0.214136 0.108862 -10.672094 
 0.217725 0.120825 -10.678076 
 0.217725 0.120825 -10.678076 
 0.205762 0.094507 -10.674487 
 0.205762 0.094507 -10.674487 
 0.223706 0.114844 -10.669703 
 0.223706 0.114844 -10.669703 
 0.236865 0.106470 -10.669703 
 0.236865 0.106470 -10.669703 
 0.242847 0.096899 -10.691236 
 0.242847 0.096899 -10.691236 
 0.227295 0.110059 -10.667310 
 0.227295 0.110059 -10.667310 
 0.220117 0.101685 -10.663721 
 0.220117 0.101685 -10.663721 
 0.218921 0.113647 -10.666113 
 0.218921 0.113647 -10.666113 
 0.224902 0.105273 -10.682861 
 0.224902 0.105273 -10.682861 
 0.215332 0.107666 -10.664917 
 0.215332 0.107666 -10.664917 
 0.226099 0.116040 -10.674487 
 0.226099 0.116040 -10.674487 
 0.220117 0.107666 -10.657740 
 0.220117 0.107666 -10.657740 
 0.214136 0.104077 -10.660131 
 0.214136 0.104077 -10.660131 
 0.210547 0.098096 -10.656543 
 0.210547 0.098096 -10.656543 
 0.234473 0.104077 -10.667310 
 0.234473 0.104077 -10.667310 
 0.223706 0.095703 -10.674487 
 0.223706 0.095703 -10.674487 
 0.240454 0.100488 -10.645777 
 0.240454 0.100488 -10.645777 
 0.218921 0.095703 -10.690039 
 0.218921 0.095703 -10.690039 
 0.235669 0.078955 -10.672094 
 0.235669 0.078955 -10.672094 
 0.227295 0.099292 -10.662524 
 0.227295 0.099292 -10.662524 
 0.218921 0.114844 -10.710376 
 0.218921 0.114844 -10.710376 
 0.224902 0.092114 -10.692431 
 0.224902 0.092114 -10.692431 
 0.223706 0.117236 -10.690039 
 0.223706 0.117236 -10.690039 
 0.232080 0.102881 -10.661328 
 0.232080 0.102881 -10.661328 
 0.222510 0.093311 -10.680469 
 0.222510 0.093311 -10.680469 
 0.222510 0.100488 -10.675684 
 0.222510 0.100488 -10.675684 
 0.205762 0.093311 -10.660131 
 0.205762 0.093311 -10.660131 
 0.229687 0.098096 -10.663721 
 0.229687 0.098096 -10.663721 
 0.223706 0.102881 -10.648169 
 0.223706 0.102881 -10.648169 
 0.227295 0.102881 -10.667310 
 0.227295 0.102881 -10.667310 
 0.227295 0.093311 -10.648169 
 0.227295 0.093311 -10.648169 
 0.241650 0.117236 -10.678076 
 0.241650 0.117236 -10.678076 
 0.222510 0.112451 -10.668506 
 0.222510 0.112451 -10.668506 
 0.234473 0.120825 -10.666113 
 0.234473 0.120825 -10.666113 
 0.238062 0.108862 -10.709180 
 0.238062 0.108862 -10.709180 
 0.222510 0.104077 -10.675684 
 0.222510 0.104077 -10.675684 
 0.214136 0.105273 -10.664917 
 0.214136 0.105273 -10.664917 
 0.216528 0.095703 -10.682861 
 0.216528 0.095703 -10.682861 
 0.216528 0.107666 -10.712769 
 0.216528 0.107666 -10.712769 
 0.205762 0.104077 -10.676880 
 0.205762 0.104077 -10.676880 
 0.210547 0.093311 -10.670898 
 0.210547 0.093311 -10.670898 
 0.229687 0.105273 -10.688843 
 0.229687 0.105273 -10.688843 
 0.229687 0.088525 -10.676880 
 0.229687 0.088525 -10.676880 
 0.214136 0.092114 -10.702002 
 0.214136 0.092114 -10.702002 
 0.204565 0.106470 -10.679273 
 0.204565 0.106470 -10.679273 
 0.241650 0.106470 -10.688843 
 0.241650 0.106470 -10.688843 
 0.220117 0.100488 -10.684057 
 0.220117 0.100488 -10.684057 
 0.229687 0.096899 -10.686450 
 0.229687 0.096899 -10.686450 
 0.232080 0.104077 -10.674487 
 0.232080 0.104077 -10.674487 
 0.222510 0.108862 -10.664917 
 0.222510 0.108862 -10.664917 
 0.222510 0.100488 -10.680469 
 0.222510 0.100488 -10.680469 
 0.222510 0.101685 -10.713964 
 0.222510 0.101685 -10.713964 
 0.223706 0.105273 -10.699610 
 0.223706 0.105273 -10.699610 
 0.216528 0.092114 -10.698413 
 0.216528 0.092114 -10.698413 
 0.216528 0.100488 -10.687647 
 0.216528 0.100488 -10.687647 
 0.203369 0.104077 -10.658936 
 0.203369 0.104077 -10.658936 
 0.228491 0.114844 -10.667310 
 0.228491 0.114844 -10.667310 
 0.228491 0.092114 -10.685254 
 0.228491 0.092114 -10.685254 
 0.227295 0.118433 -10.668506 
 0.227295 0.118433 -10.668506 
 0.234473 0.102881 -10.696020 
 0.234473 0.102881 -10.696020 
 0.221313 0.114844 -10.684057 
 0.221313 0.114844 -10.684057 
 0.235669 0.104077 -10.668506 
 0.235669 0.104077 -10.668506 
 0.235669 0.098096 -10.691236 
 0.235669 0.098096 -10.691236 
 0.226099 0.093311 -10.672094 
 0.226099 0.093311 -10.672094 
 0.230884 0.080151 -10.693628 
 0.230884 0.080151 -10.693628 
 0.226099 0.099292 -10.675684 
 0.226099 0.099292 -10.675684 
 0.221313 0.086133 -10.690039 
 0.221313 0.086133 -10.690039 
 0.217725 0.104077 -10.652954 
 0.217725 0.104077 -10.652954 
 0.222510 0.137573 -10.662524 
 0.222510 0.137573 -10.662524 
 0.232080 0.108862 -10.682861 
 0.232080 0.108862 -10.682861 
 0.233276 0.112451 -10.693628 
 0.233276 0.112451 -10.693628 
 0.235669 0.107666 -10.691236 
 0.235669 0.107666 -10.691236 
 0.222510 0.108862 -10.687647 
 0.222510 0.108862 -10.687647 
 0.220117 0.100488 -10.686450 
 0.220117 0.100488 -10.686450 
 0.221313 0.092114 -10.666113 
 0.221313 0.092114 -10.666113 
 0.224902 0.112451 -10.685254 
 0.224902 0.112451 -10.685254 
 0.214136 0.092114 -10.676880 
 0.214136 0.092114 -10.676880 
 0.209351 0.124414 -10.646973 
 0.209351 0.124414 -10.646973 
 0.228491 0.095703 -10.667310 
 0.228491 0.095703 -10.667310 
 0.221313 0.116040 -10.685254 
 0.221313 0.116040 -10.685254 
 0.232080 0.092114 -10.684057 
 0.232080 0.092114 -10.684057 
 0.233276 0.106470 -10.661328 
 0.233276 0.106470 -10.661328 
 0.236865 0.102881 -10.686450 
 0.236865 0.102881 -10.686450 
 0.229687 0.110059 -10.674487 
 0.229687 0.110059 -10.674487 
 0.216528 0.087329 -10.685254 
 0.216528 0.087329 -10.685254 
 0.227295 0.105273 -10.681665 
 0.227295 0.105273 -10.681665 
 0.222510 0.102881 -10.705591 
 0.222510 0.102881 -10.705591 
 0.220117 0.119629 -10.668506 
 0.220117 0.119629 -10.668506 
 0.214136 0.094507 -10.691236 
 0.214136 0.094507 -10.691236 
 0.232080 0.108862 -10.670898 
 0.232080 0.108862 -10.670898 
 0.217725 0.102881 -10.687647 
 0.217725 0.102881 -10.687647 
 0.224902 0.102881 -10.693628 
 0.224902 0.102881 -10.693628 
 0.233276 0.090918 -10.678076 
 0.233276 0.090918 -10.678076 
 0.233276 0.084937 -10.674487 
 0.233276 0.084937 -10.674487 
 0.209351 0.101685 -10.672094 
 0.209351 0.101685 -10.672094 
 0.222510 0.099292 -10.667310 
 0.222510 0.099292 -10.667310 
 0.208154 0.107666 -10.657740 
 0.208154 0.107666 -10.657740 
 0.228491 0.105273 -10.673291 
 0.228491 0.105273 -10.673291 
 0.235669 0.135181 -10.656543 
 0.235669 0.135181 -10.656543 
 0.220117 0.114844 -10.657740 
 0.220117 0.114844 -10.657740 
 0.230884 0.110059 -10.655347 
 0.230884 0.110059 -10.655347 
 0.230884 0.102881 -10.670898 
 0.230884 0.102881 -10.670898 
 0.217725 0.104077 -10.690039 
 0.217725 0.104077 -10.690039 
 0.228491 0.113647 -10.709180 
 0.228491 0.113647 -10.709180 
 0.218921 0.106470 -10.710376 
 0.218921 0.106470 -10.710376 
 0.216528 0.112451 -10.663721 
 0.216528 0.112451 -10.663721 
 0.215332 0.108862 -10.696020 
 0.215332 0.108862 -10.696020 
 0.251221 0.120825 -10.680469 
 0.251221 0.120825 -10.680469 
 0.220117 0.112451 -10.662524 
 0.220117 0.112451 -10.662524 
 0.211743 0.098096 -10.682861 
 0.211743 0.098096 -10.682861 
 0.224902 0.117236 -10.668506 
 0.224902 0.117236 -10.668506 
 0.208154 0.113647 -10.672094 
 0.208154 0.113647 -10.672094 
 0.242847 0.108862 -10.691236 
 0.242847 0.108862 -10.691236 
 0.216528 0.123218 -10.675684 
 0.216528 0.123218 -10.675684 
 0.226099 0.096899 -10.692431 
 0.226099 0.096899 -10.692431 
 0.228491 0.086133 -10.682861 
 0.228491 0.086133 -10.682861 
 0.218921 0.106470 -10.669703 
 0.218921 0.106470 -10.669703 
 0.198584 0.104077 -10.678076 
 0.198584 0.104077 -10.678076 
 0.229687 0.094507 -10.669703 
 0.229687 0.094507 -10.669703 
 0.236865 0.116040 -10.664917 
 0.236865 0.116040 -10.664917 
 0.218921 0.090918 -10.676880 
 0.218921 0.090918 -10.676880 
 0.218921 0.110059 -10.676880 
 0.218921 0.110059 -10.676880 
 0.222510 0.116040 -10.703198 
 0.222510 0.116040 -10.703198 
 0.215332 0.105273 -10.675684 
 0.215332 0.105273 -10.675684 
 0.204565 0.098096 -10.668506 
 0.204565 0.098096 -10.668506 
 0.210547 0.102881 -10.691236 
 0.210547 0.102881 -10.691236 
 0.216528 0.110059 -10.709180 
 0.216528 0.110059 -10.709180 
 0.221313 0.108862 -10.685254 
 0.221313 0.108862 -10.685254 
 0.216528 0.098096 -10.684057 
 0.216528 0.098096 -10.684057 
 0.229687 0.107666 -10.679273 
 0.229687 0.107666 -10.679273 
 0.232080 0.104077 -10.670898 
 0.232080 0.104077 -10.670898 
 0.226099 0.105273 -10.663721 
 0.226099 0.105273 -10.663721 
 0.221313 0.087329 -10.661328 
 0.221313 0.087329 -10.661328 
 0.223706 0.105273 -10.645777 
 0.223706 0.105273 -10.645777 
 0.233276 0.100488 -10.676880 
 0.233276 0.100488 -10.676880 
 0.216528 0.081348 -10.702002 
 0.216528 0.081348 -10.702002 
 0.235669 0.093311 -10.673291 
 0.235669 0.093311 -10.673291 
 0.228491 0.117236 -10.694824 
 0.228491 0.117236 -10.694824 
 0.223706 0.101685 -10.684057 
 0.223706 0.101685 -10.684057 
 0.222510 0.105273 -10.685254 
 0.222510 0.105273 -10.685254 
 0.232080 0.099292 -10.657740 
 0.232080 0.099292 -10.657740 
 0.233276 0.104077 -10.678076 
 0.233276 0.104077 -10.678076 
 0.218921 0.114844 -10.652954 
 0.218921 0.114844 -10.652954 
 0.221313 0.110059 -10.636206 
 0.221313 0.110059 -10.636206 
 0.221313 0.114844 -10.661328 
 0.221313 0.114844 -10.661328 
 0.224902 0.104077 -10.662524 
 0.224902 0.104077 -10.662524 
 0.221313 0.116040 -10.681665 
 0.221313 0.116040 -10.681665 
 0.228491 0.095703 -10.722339 
 0.228491 0.095703 -10.722339 
 0.226099 0.106470 -10.679273 
 0.226099 0.106470 -10.679273 
 0.227295 0.104077 -10.703198 
 0.227295 0.104077 -10.703198 
 0.220117 0.099292 -10.661328 
 0.220117 0.099292 -10.661328 
 0.220117 0.088525 -10.667310 
 0.220117 0.088525 -10.667310 
 0.240454 0.114844 -10.675684 
 0.240454 0.114844 -10.675684 
 0.210547 0.098096 -10.688843 
 0.210547 0.098096 -10.688843 
 0.226099 0.087329 -10.662524 
 0.226099 0.087329 -10.662524 
 0.209351 0.117236 -10.694824 
 0.209351 0.117236 -10.694824 
 0.215332 0.100488 -10.660131 
 0.215332 0.100488 -10.660131 
 0.229687 0.096899 -10.686450 
 0.229687 0.096899 -10.686450 
 0.247632 0.099292 -10.693628 
 0.247632 0.099292 -10.693628 
 0.229687 0.102881 -10.682861 
 0.229687 0.102881 -10.682861 
 0.242847 0.090918 -10.687647 
 0.242847 0.090918 -10.687647 
 0.226099 0.092114 -10.687647 
 0.226099 0.092114 -10.687647 
 0.227295 0.110059 -10.693628 
 0.227295 0.110059 -10.693628 
 0.215332 0.101685 -10.675684 
 0.215332 0.101685 -10.675684 
 0.230884 0.098096 -10.676880 
 0.230884 0.098096 -10.676880 
 0.212939 0.105273 -10.692431 
 0.212939 0.105273 -10.692431 
 0.210547 0.108862 -10.675684 
 0.210547 0.108862 -10.675684 
 0.226099 0.098096 -10.672094 
 0.226099 0.098096 -10.672094 
 0.226099 0.106470 -10.675684 
 0.226099 0.106470 -10.675684 
 0.203369 0.117236 -10.674487 
 0.203369 0.117236 -10.674487 
 0.224902 0.111255 -10.685254 
 0.224902 0.111255 -10.685254 
 0.220117 0.104077 -10.668506 
 0.220117 0.104077 -10.668506 
 0.227295 0.077759 -10.662524 
 0.227295 0.077759 -10.662524 
 0.205762 0.102881 -10.657740 
 0.205762 0.102881 -10.657740 
 0.209351 0.108862 -10.678076 
 0.209351 0.108862 -10.678076 
 0.223706 0.107666 -10.675684 
 0.223706 0.107666 -10.675684 
 0.233276 0.094507 -10.675684 
 0.233276 0.094507 -10.675684 
 0.218921 0.108862 -10.684057 
 0.218921 0.108862 -10.684057 
 0.235669 0.112451 -10.686450 
 0.235669 0.112451 -10.686450 
 0.224902 0.096899 -10.666113 
 0.224902 0.096899 -10.666113 
 0.214136 0.100488 -10.697217 
 0.214136 0.100488 -10.697217 
 0.214136 0.104077 -10.676880 
 0.214136 0.104077 -10.676880 
 0.223706 0.100488 -10.682861 
 0.223706 0.100488 -10.682861 
 0.217725 0.100488 -10.681665 
 0.217725 0.100488 -10.681665 
 0.227295 0.098096 -10.687647 
 0.227295 0.098096 -10.687647 
 0.223706 0.107666 -10.666113 
 0.223706 0.107666 -10.666113 
 0.235669 0.098096 -10.680469 
 0.235669 0.098096 -10.680469 
 0.220117 0.084937 -10.660131 
 0.220117 0.084937 -10.660131 
 0.236865 0.092114 -10.675684 
 0.236865 0.092114 -10.675684 
 0.227295 0.100488 -10.685254 
 0.227295 0.100488 -10.685254 
 0.244043 0.106470 -10.681665 
 0.244043 0.106470 -10.681665 
 0.229687 0.094507 -10.682861 
 0.229687 0.094507 -10.682861 
 0.202173 0.102881 -10.660131 
 0.202173 0.102881 -10.660131 
 0.221313 0.096899 -10.682861 
 0.221313 0.096899 -10.682861 
 0.222510 0.107666 -10.684057 
 0.222510 0.107666 -10.684057 
 0.232080 0.090918 -10.699610 
 0.232080 0.090918 -10.699610 
 0.227295 0.098096 -10.676880 
 0.227295 0.098096 -10.676880 
 0.238062 0.111255 -10.676880 
 0.238062 0.111255 -10.676880 
 0.202173 0.102881 -10.676880 
 0.202173 0.102881 -10.676880 
 0.241650 0.096899 -10.663721 
 0.241650 0.096899 -10.663721 
 0.235669 0.120825 -10.657740 
 0.235669 0.120825 -10.657740 
 0.241650 0.110059 -10.678076 
 0.241650 0.110059 -10.678076 
 0.238062 0.094507 -10.668506 
 0.238062 0.094507 -10.668506 
 0.216528 0.083740 -10.674487 
 0.216528 0.083740 -10.674487 
 0.222510 0.099292 -10.674487 
 0.222510 0.099292 -10.674487 
 0.218921 0.110059 -10.682861 
 0.218921 0.110059 -10.682861 
 0.222510 0.105273 -10.670898 
 0.222510 0.105273 -10.670898 
 0.220117 0.099292 -10.691236 
 0.220117 0.099292 -10.691236 
 0.226099 0.120825 -10.685254 
 0.226099 0.120825 -10.685254 
 0.222510 0.086133 -10.696020 
 0.222510 0.086133 -10.696020 
 0.224902 0.089722 -10.664917 
 0.224902 0.089722 -10.664917 
 0.230884 0.086133 -10.678076 
 0.230884 0.086133 -10.678076 
 0.216528 0.092114 -10.675684 
 0.216528 0.092114 -10.675684 
 0.235669 0.108862 -10.697217 
 0.235669 0.108862 -10.697217 
 0.221313 0.104077 -10.685254 
 0.221313 0.104077 -10.685254 
 0.232080 0.105273 -10.690039 
 0.232080 0.105273 -10.690039 
 0.217725 0.095703 -10.688843 
 0.217725 0.095703 -10.688843 
 0.234473 0.113647 -10.657740 
 0.234473 0.113647 -10.657740 
 0.224902 0.123218 -10.686450 
 0.224902 0.123218 -10.686450 
 0.252417 0.107666 -10.681665 
 0.252417 0.107666 -10.681665 
 0.228491 0.095703 -10.684057 
 0.228491 0.095703 -10.684057 
 0.227295 0.087329 -10.699610 
 0.227295 0.087329 -10.699610 
 0.210547 0.101685 -10.664917 
 0.210547 0.101685 -10.664917 
 0.234473 0.099292 -10.685254 
 0.234473 0.099292 -10.685254 
 0.234473 0.110059 -10.678076 
 0.234473 0.110059 -10.678076 
 0.209351 0.080151 -10.675684 
 0.209351 0.080151 -10.675684 
 0.217725 0.088525 -10.687647 
 0.217725 0.088525 -10.687647 
 0.238062 0.118433 -10.662524 
 0.238062 0.118433 -10.662524 
 0.218921 0.102881 -10.670898 
 0.218921 0.102881 -10.670898 
 0.220117 0.101685 -10.694824 
 0.220117 0.101685 -10.694824 
 0.227295 0.106470 -10.706787 
 0.227295 0.106470 -10.706787 
 0.227295 0.099292 -10.655347 
 0.227295 0.099292 -10.655347 
 0.224902 0.096899 -10.670898 
 0.224902 0.096899 -10.670898 
 0.236865 0.100488 -10.666113 
 0.236865 0.100488 -10.666113 
 0.241650 0.111255 -10.675684 
 0.241650 0.111255 -10.675684 
 0.228491 0.093311 -10.681665 
 0.228491 0.093311 -10.681665 
 0.232080 0.102881 -10.661328 
 0.232080 0.102881 -10.661328 
 0.226099 0.102881 -10.697217 
 0.226099 0.102881 -10.697217 
 0.232080 0.120825 -10.680469 
 0.232080 0.120825 -10.680469 
 0.203369 0.114844 -10.666113 
 0.203369 0.114844 -10.666113 
 0.227295 0.098096 -10.672094 
 0.227295 0.098096 -10.672094 
 0.209351 0.094507 -10.681665 
 0.209351 0.094507 -10.681665 
 0.230884 0.101685 -10.661328 
 0.230884 0.101685 -10.661328 
 0.212939 0.108862 -10.674487 
 0.212939 0.108862 -10.674487 
 0.217725 0.105273 -10.680469 
 0.217725 0.105273 -10.680469 
 0.222510 0.111255 -10.685254 
 0.222510 0.111255 -10.685254 
 0.234473 0.092114 -10.670898 
 0.234473 0.092114 -10.670898 
 0.221313 0.116040 -10.691236 
 0.221313 0.116040 -10.691236 
 0.220117 0.105273 -10.675684 
 0.220117 0.105273 -10.675684 
 0.215332 0.093311 -10.688843 
 0.215332 0.093311 -10.688843 
 0.206958 0.101685 -10.675684 
 0.206958 0.101685 -10.675684 
 0.209351 0.099292 -10.694824 
 0.209351 0.099292 -10.694824 
 0.204565 0.088525 -10.680469 
 0.204565 0.088525 -10.680469 
 0.221313 0.092114 -10.675684 
 0.221313 0.092114 -10.675684 
 0.217725 0.092114 -10.663721 
 0.217725 0.092114 -10.663721 
 0.226099 0.099292 -10.697217 
 0.226099 0.099292 -10.697217 
 0.214136 0.088525 -10.674487 
 0.214136 0.088525 -10.674487 
 0.227295 0.096899 -10.680469 
 0.227295 0.096899 -10.680469 
 0.230884 0.104077 -10.672094 
 0.230884 0.104077 -10.672094 
 0.224902 0.092114 -10.673291 
 0.224902 0.092114 -10.673291 
 0.218921 0.096899 -10.680469 
 0.218921 0.096899 -10.680469 
 0.252417 0.086133 -10.687647 
 0.252417 0.086133 -10.687647 
 0.220117 0.100488 -10.666113 
 0.220117 0.100488 -10.666113 
 0.215332 0.118433 -10.705591 
 0.215332 0.118433 -10.705591 
 0.217725 0.105273 -10.662524 
 0.217725 0.105273 -10.662524 
 0.186621 0.112451 -10.686450 
 0.186621 0.112451 -10.686450 
 0.235669 0.119629 -10.676880 
 0.235669 0.119629 -10.676880 
 0.210547 0.099292 -10.688843 
 0.210547 0.099292 -10.688843 
 0.229687 0.094507 -10.666113 
 0.229687 0.094507 -10.666113 
 0.224902 0.110059 -10.678076 
 0.224902 0.110059 -10.678076 
 0.222510 0.120825 -10.686450 
 0.222510 0.120825 -10.686450 
 0.226099 0.124414 -10.662524 
 0.226099 0.124414 -10.662524 
 0.222510 0.108862 -10.672094 
 0.222510 0.108862 -10.672094 
 0.216528 0.096899 -10.656543 
 0.216528 0.096899 -10.656543 
 0.224902 0.088525 -10.688843 
 0.224902 0.088525 -10.688843 
 0.233276 0.104077 -10.646973 
 0.233276 0.104077 -10.646973 
 0.232080 0.116040 -10.672094 
 0.232080 0.116040 -10.672094 
 0.217725 0.107666 -10.691236 
 0.217725 0.107666 -10.691236 
 0.224902 0.099292 -10.654150 
 0.224902 0.099292 -10.654150 
 0.230884 0.108862 -10.670898 
 0.230884 0.108862 -10.670898 
 0.227295 0.107666 -10.673291 
 0.227295 0.107666 -10.673291 
 0.223706 0.119629 -10.667310 
 0.223706 0.119629 -10.667310 
 0.224902 0.096899 -10.660131 
 0.224902 0.096899 -10.660131 
 0.211743 0.095703 -10.669703 
 0.211743 0.095703 -10.669703 
 0.217725 0.081348 -10.674487 
 0.217725 0.081348 -10.674487 
 0.227295 0.107666 -10.690039 
 0.227295 0.107666 -10.690039 
 0.229687 0.100488 -10.669703 
 0.229687 0.100488 -10.669703 
 0.220117 0.098096 -10.679273 
 0.220117 0.098096 -10.679273 
 0.233276 0.105273 -10.673291 
 0.233276 0.105273 -10.673291 
 0.220117 0.126807 -10.669703 
 0.220117 0.126807 -10.669703 
 0.222510 0.110059 -10.679273 
 0.222510 0.110059 -10.679273 
 0.217725 0.104077 -10.693628 
 0.217725 0.104077 -10.693628 
 0.214136 0.106470 -10.657740 
 0.214136 0.106470 -10.657740 
 0.215332 0.096899 -10.666113 
 0.215332 0.096899 -10.666113 
 0.245239 0.089722 -10.669703 
 0.245239 0.089722 -10.669703 
 0.223706 0.092114 -10.656543 
 0.223706 0.092114 -10.656543 
 0.239258 0.089722 -10.662524 
 0.239258 0.089722 -10.662524 
 0.238062 0.099292 -10.684057 
 0.238062 0.099292 -10.684057 
 0.208154 0.112451 -10.658936 
 0.208154 0.112451 -10.658936 
 0.204565 0.112451 -10.672094 
 0.204565 0.112451 -10.672094 
 0.232080 0.110059 -10.660131 
 0.232080 0.110059 -10.660131 
 0.240454 0.098096 -10.681665 
 0.240454 0.098096 -10.681665 
 0.230884 0.113647 -10.681665 
 0.230884 0.113647 -10.681665 
 0.226099 0.093311 -10.687647 
 0.226099 0.093311 -10.687647 
 0.223706 0.095703 -10.662524 
 0.223706 0.095703 -10.662524 
 0.212939 0.107666 -10.663721 
 0.212939 0.107666 -10.663721 
 0.218921 0.100488 -10.690039 
 0.218921 0.100488 -10.690039 
 0.216528 0.111255 -10.694824 
 0.216528 0.111255 -10.694824 
 0.220117 0.088525 -10.674487 
 0.220117 0.088525 -10.674487 
 0.212939 0.106470 -10.680469 
 0.212939 0.106470 -10.680469 
 0.205762 0.095703 -10.691236 
 0.205762 0.095703 -10.691236 
 0.241650 0.119629 -10.679273 
 0.241650 0.119629 -10.679273 
 0.235669 0.088525 -10.668506 
 0.235669 0.088525 -10.668506 
 0.221313 0.106470 -10.663721 
 0.221313 0.106470 -10.663721 
 0.214136 0.096899 -10.670898 
 0.214136 0.096899 -10.670898 
 0.234473 0.094507 -10.679273 
 0.234473 0.094507 -10.679273 
 0.241650 0.100488 -10.658936 
 0.241650 0.100488 -10.658936 
 0.223706 0.108862 -10.654150 
 0.223706 0.108862 -10.654150 
 0.218921 0.114844 -10.685254 
 0.218921 0.114844 -10.685254 
 0.216528 0.106470 -10.675684 
 0.216528 0.106470 -10.675684 
 0.220117 0.096899 -10.692431 
 0.220117 0.096899 -10.692431 
 0.234473 0.093311 -10.686450 
 0.234473 0.093311 -10.686450 
 0.223706 0.089722 -10.716357 
 0.223706 0.089722 -10.716357 
 0.233276 0.110059 -10.667310 
 0.233276 0.110059 -10.667310 
 0.208154 0.102881 -10.657740 
 0.208154 0.102881 -10.657740 
 0.220117 0.080151 -10.675684 
 0.220117 0.080151 -10.675684 
 0.217725 0.087329 -10.661328 
 0.217725 0.087329 -10.661328 
 0.238062 0.116040 -10.680469 
 0.238062 0.116040 -10.680469 
 0.226099 0.102881 -10.692431 
 0.226099 0.102881 -10.692431 
 0.228491 0.090918 -10.700806 
 0.228491 0.090918 -10.700806 
 0.228491 0.111255 -10.678076 
 0.228491 0.111255 -10.678076 
 0.234473 0.083740 -10.691236 
 0.234473 0.083740 -10.691236 
 0.229687 0.099292 -10.676880 
 0.229687 0.099292 -10.676880 
 0.226099 0.111255 -10.690039 
 0.226099 0.111255 -10.690039 
 0.218921 0.087329 -10.673291 
 0.218921 0.087329 -10.673291 
 0.226099 0.098096 -10.664917 
 0.226099 0.098096 -10.664917 
 0.232080 0.099292 -10.672094 
 0.232080 0.099292 -10.672094 
 0.210547 0.101685 -10.658936 
 0.210547 0.101685 -10.658936 
 0.222510 0.106470 -10.652954 
 0.222510 0.106470 -10.652954 
 0.241650 0.108862 -10.669703 
 0.241650 0.108862 -10.669703 
 0.222510 0.106470 -10.704394 
 0.222510 0.106470 -10.704394 
 0.233276 0.100488 -10.688843 
 0.233276 0.100488 -10.688843 
 0.234473 0.101685 -10.705591 
 0.234473 0.101685 -10.705591 
 0.221313 0.122021 -10.654150 
 0.221313 0.122021 -10.654150 
 0.218921 0.119629 -10.685254 
 0.218921 0.119629 -10.685254 
 0.233276 0.100488 -10.691236 
 0.233276 0.100488 -10.691236 
 0.233276 0.096899 -10.693628 
 0.233276 0.096899 -10.693628 
 0.239258 0.098096 -10.669703 
 0.239258 0.098096 -10.669703 
 0.236865 0.108862 -10.669703 
 0.236865 0.108862 -10.669703 
 0.226099 0.092114 -10.686450 
 0.226099 0.092114 -10.686450 
 0.223706 0.118433 -10.690039 
 0.223706 0.118433 -10.690039 
 0.223706 0.096899 -10.680469 
 0.226099 0.117236 -10.700806 
 0.226099 0.117236 -10.700806 
 0.227295 0.101685 -10.696020 
 0.227295 0.101685 -10.696020 
 0.228491 0.089722 -10.690039 
 0.228491 0.089722 -10.690039 
 0.220117 0.102881 -10.706787 
 0.220117 0.102881 -10.706787 
 0.223706 0.108862 -10.657740 
 0.223706 0.108862 -10.657740 
 0.214136 0.108862 -10.678076 
 0.214136 0.108862 -10.678076 
 0.216528 0.108862 -10.669703 
 0.216528 0.108862 -10.669703 
 0.221313 0.095703 -10.682861 
 0.221313 0.095703 -10.682861 
 0.238062 0.099292 -10.686450 
 0.238062 0.099292 -10.686450 
 0.229687 0.111255 -10.681665 
 0.229687 0.111255 -10.681665 
 0.239258 0.099292 -10.684057 
 0.239258 0.099292 -10.684057 
 0.230884 0.092114 -10.667310 
 0.230884 0.092114 -10.667310 
 0.221313 0.071777 -10.681665 
 0.221313 0.071777 -10.681665 
 0.220117 0.108862 -10.678076 
 0.220117 0.108862 -10.678076 
 0.230884 0.099292 -10.697217 
 0.230884 0.099292 -10.697217 
 0.218921 0.108862 -10.652954 
 0.218921 0.108862 -10.652954 
 0.220117 0.105273 -10.685254 
 0.220117 0.105273 -10.685254 
 0.198584 0.101685 -10.678076 
 0.198584 0.101685 -10.678076 
 0.226099 0.102881 -10.690039 
 0.226099 0.102881 -10.690039 
 0.250024 0.107666 -10.640991 
 0.250024 0.107666 -10.640991 
 0.209351 0.094507 -10.693628 
 0.209351 0.094507 -10.693628 
 0.253613 0.098096 -10.678076 
 0.253613 0.098096 -10.678076 
 0.215332 0.075366 -10.673291 
 0.215332 0.075366 -10.673291 
 0.241650 0.104077 -10.644580 
 0.241650 0.104077 -10.644580 
 0.229687 0.133984 -10.657740 
 0.229687 0.133984 -10.657740 
 0.216528 0.100488 -10.681665 
 0.216528 0.100488 -10.681665 
 0.218921 0.096899 -10.660131 
 0.218921 0.096899 -10.660131 
 0.233276 0.092114 -10.682861 
 0.233276 0.092114 -10.682861 
 0.206958 0.108862 -10.684057 
 0.206958 0.108862 -10.684057 
 0.229687 0.089722 -10.669703 
 0.229687 0.089722 -10.669703 
 0.210547 0.113647 -10.692431 
 0.210547 0.113647 -10.692431 
 0.226099 0.120825 -10.697217 
 0.226099 0.120825 -10.697217 
 0.227295 0.113647 -10.682861 
 0.227295 0.113647 -10.682861 
 0.223706 0.102881 -10.687647 
 0.223706 0.102881 -10.687647 
 0.227295 0.100488 -10.702002 
 0.227295 0.100488 -10.702002 
 0.215332 0.086133 -10.692431 
 0.215332 0.086133 -10.692431 
 0.220117 0.128003 -10.697217 
 0.220117 0.128003 -10.697217 
 0.221313 0.114844 -10.680469 
 0.221313 0.114844 -10.680469 
 0.221313 0.118433 -10.685254 
 0.221313 0.118433 -10.685254 
 0.202173 0.119629 -10.675684 
 0.202173 0.119629 -10.675684 
 0.221313 0.095703 -10.675684 
 0.221313 0.095703 -10.675684 
 0.232080 0.098096 -10.664917 
 0.232080 0.098096 -10.664917 
 0.227295 0.112451 -10.657740 
 0.227295 0.112451 -10.657740 
 0.224902 0.076563 -10.676880 
 0.224902 0.076563 -10.676880 
 0.230884 0.100488 -10.688843 
 0.230884 0.100488 -10.688843 
 0.224902 0.110059 -10.696020 
 0.224902 0.110059 -10.696020 
 0.220117 0.112451 -10.676880 
 0.220117 0.112451 -10.676880 
 0.235669 0.110059 -10.668506 
 0.235669 0.110059 -10.668506 
 0.224902 0.118433 -10.702002 
 0.224902 0.118433 -10.702002 
 0.223706 0.104077 -10.690039 
 0.223706 0.104077 -10.690039 
 0.228491 0.106470 -10.685254 
 0.228491 0.106470 -10.685254 
 0.218921 0.106470 -10.700806 
 0.218921 0.106470 -10.700806 
 0.223706 0.101685 -10.668506 
 0.223706 0.101685 -10.668506 
 0.220117 0.090918 -10.670898 
 0.220117 0.090918 -10.670898 
 0.222510 0.096899 -10.685254 
 0.222510 0.096899 -10.685254 
 0.220117 0.095703 -10.657740 
 0.220117 0.095703 -10.657740 
 0.216528 0.119629 -10.667310 
 0.216528 0.119629 -10.667310 
 0.217725 0.096899 -10.675684 
 0.217725 0.096899 -10.675684 
 0.228491 0.101685 -10.675684 
 0.228491 0.101685 -10.675684 
 0.222510 0.110059 -10.663721 
 0.222510 0.110059 -10.663721 
 0.228491 0.105273 -10.662524 
 0.228491 0.105273 -10.662524 
 0.250024 0.092114 -10.712769 
 0.250024 0.092114 -10.712769 
 0.211743 0.094507 -10.681665 
 0.211743 0.094507 -10.681665 
 0.224902 0.101685 -10.668506 
 0.224902 0.101685 -10.668506 
 0.218921 0.112451 -10.692431 
 0.218921 0.112451 -10.692431 
 0.250024 0.101685 -10.694824 
 0.250024 0.101685 -10.694824 
 0.246436 0.104077 -10.691236 
 0.246436 0.104077 -10.691236 
 0.224902 0.093311 -10.690039 
 0.224902 0.093311 -10.690039 
 0.229687 0.100488 -10.670898 
 0.229687 0.100488 -10.670898 
 0.198584 0.120825 -10.668506 
 0.198584 0.120825 -10.668506 
 0.209351 0.124414 -10.678076 
 0.209351 0.124414 -10.678076 
 0.218921 0.111255 -10.660131 
 