0.339746 -0.113647 9.252100 
 0.339746 -0.113647 9.252100 
 0.339746 -0.118433 9.220996 
 0.339746 -0.118433 9.220996 
 0.357690 -0.116040 9.250903 
 0.357690 -0.116040 9.250903 
 0.345728 -0.101685 9.253296 
 0.345728 -0.101685 9.253296 
 0.363672 -0.119629 9.237744 
 0.363672 -0.119629 9.237744 
 0.360083 -0.096899 9.235352 
 0.360083 -0.096899 9.235352 
 0.361279 -0.094507 9.264063 
 0.361279 -0.094507 9.264063 
 0.380420 -0.111255 9.241333 
 0.380420 -0.111255 9.241333 
 0.358887 -0.095703 9.249707 
 0.358887 -0.095703 9.249707 
 0.358887 -0.113647 9.232959 
 0.358887 -0.113647 9.232959 
 0.351709 -0.123218 9.243726 
 0.351709 -0.123218 9.243726 
 0.362476 -0.122021 9.219800 
 0.362476 -0.122021 9.219800 
 0.357690 -0.089722 9.262866 
 0.357690 -0.089722 9.262866 
 0.354102 -0.105273 9.246119 
 0.354102 -0.105273 9.246119 
 0.350513 -0.113647 9.228174 
 0.350513 -0.113647 9.228174 
 0.362476 -0.123218 9.222193 
 0.362476 -0.123218 9.222193 
 0.349316 -0.116040 9.237744 
 0.349316 -0.116040 9.237744 
 0.350513 -0.104077 9.264063 
 0.350513 -0.104077 9.264063 
 0.344531 -0.096899 9.246119 
 0.344531 -0.096899 9.246119 
 0.363672 -0.110059 9.224585 
 0.363672 -0.110059 9.224585 
 0.352905 -0.102881 9.261670 
 0.352905 -0.102881 9.261670 
 0.345728 -0.120825 9.244922 
 0.345728 -0.120825 9.244922 
 0.343335 -0.120825 9.254492 
 0.343335 -0.120825 9.254492 
 0.346924 -0.124414 9.268847 
 0.346924 -0.124414 9.268847 
 0.350513 -0.108862 9.224585 
 0.350513 -0.108862 9.224585 
 0.358887 -0.116040 9.235352 
 0.358887 -0.116040 9.235352 
 0.342139 -0.123218 9.247314 
 0.342139 -0.123218 9.247314 
 0.354102 -0.124414 9.224585 
 0.354102 -0.124414 9.224585 
 0.363672 -0.113647 9.260473 
 0.363672 -0.113647 9.260473 
 0.350513 -0.122021 9.244922 
 0.350513 -0.122021 9.244922 
 0.362476 -0.110059 9.234156 
 0.362476 -0.110059 9.234156 
 0.348120 -0.100488 9.229370 
 0.348120 -0.100488 9.229370 
 0.363672 -0.102881 9.246119 
 0.363672 -0.102881 9.246119 
 0.368457 -0.124414 9.238940 
 0.368457 -0.124414 9.238940 
 0.352905 -0.101685 9.250903 
 0.352905 -0.101685 9.250903 
 0.368457 -0.113647 9.277222 
 0.368457 -0.113647 9.277222 
 0.374438 -0.113647 9.252100 
 0.374438 -0.113647 9.252100 
 0.368457 -0.108862 9.225781 
 0.368457 -0.108862 9.225781 
 0.364868 -0.106470 9.230566 
 0.364868 -0.106470 9.230566 
 0.361279 -0.110059 9.242529 
 0.361279 -0.110059 9.242529 
 0.369653 -0.112451 9.219800 
 0.369653 -0.112451 9.219800 
 0.356494 -0.117236 9.232959 
 0.356494 -0.117236 9.232959 
 0.352905 -0.110059 9.237744 
 0.352905 -0.110059 9.237744 
 0.350513 -0.106470 9.234156 
 0.350513 -0.106470 9.234156 
 0.349316 -0.110059 9.219800 
 0.349316 -0.110059 9.219800 
 0.350513 -0.123218 9.241333 
 0.350513 -0.123218 9.241333 
 0.334961 -0.092114 9.223389 
 0.334961 -0.092114 9.223389 
 0.349316 -0.122021 9.248510 
 0.349316 -0.122021 9.248510 
 0.354102 -0.117236 9.241333 
 0.354102 -0.117236 9.241333 
 0.339746 -0.101685 9.241333 
 0.339746 -0.101685 9.241333 
 0.357690 -0.120825 9.243726 
 0.357690 -0.120825 9.243726 
 0.351709 -0.117236 9.260473 
 0.351709 -0.117236 9.260473 
 0.362476 -0.110059 9.236547 
 0.362476 -0.110059 9.236547 
 0.357690 -0.108862 9.243726 
 0.357690 -0.108862 9.243726 
 0.343335 -0.113647 9.240137 
 0.343335 -0.113647 9.240137 
 0.354102 -0.112451 9.241333 
 0.354102 -0.112451 9.241333 
 0.340942 -0.090918 9.247314 
 0.340942 -0.090918 9.247314 
 0.357690 -0.108862 9.240137 
 0.357690 -0.108862 9.240137 
 0.348120 -0.116040 9.244922 
 0.348120 -0.116040 9.244922 
 0.358887 -0.099292 9.252100 
 0.358887 -0.099292 9.252100 
 0.364868 -0.114844 9.244922 
 0.364868 -0.114844 9.244922 
 0.350513 -0.110059 9.249707 
 0.350513 -0.110059 9.249707 
 0.345728 -0.112451 9.226977 
 0.345728 -0.112451 9.226977 
 0.340942 -0.118433 9.237744 
 0.340942 -0.118433 9.237744 
 0.352905 -0.114844 9.234156 
 0.352905 -0.114844 9.234156 
 0.374438 -0.114844 9.211426 
 0.374438 -0.114844 9.211426 
 0.363672 -0.098096 9.229370 
 0.363672 -0.098096 9.229370 
 0.357690 -0.125610 9.243726 
 0.357690 -0.125610 9.243726 
 0.363672 -0.102881 9.228174 
 0.363672 -0.102881 9.228174 
 0.351709 -0.100488 9.224585 
 0.351709 -0.100488 9.224585 
 0.358887 -0.123218 9.235352 
 0.358887 -0.123218 9.235352 
 0.363672 -0.112451 9.243726 
 0.363672 -0.112451 9.243726 
 0.358887 -0.108862 9.225781 
 0.358887 -0.108862 9.225781 
 0.376831 -0.114844 9.256885 
 0.376831 -0.114844 9.256885 
 0.358887 -0.116040 9.241333 
 0.358887 -0.116040 9.241333 
 0.361279 -0.111255 9.234156 
 0.361279 -0.111255 9.234156 
 0.340942 -0.102881 9.258081 
 0.340942 -0.102881 9.258081 
 0.339746 -0.126807 9.225781 
 0.339746 -0.126807 9.225781 
 0.330176 -0.122021 9.262866 
 0.330176 -0.122021 9.262866 
 0.343335 -0.112451 9.250903 
 0.343335 -0.112451 9.250903 
 0.355298 -0.111255 9.246119 
 0.355298 -0.111255 9.246119 
 0.354102 -0.108862 9.213819 
 0.354102 -0.108862 9.213819 
 0.372046 -0.116040 9.268847 
 0.372046 -0.116040 9.268847 
 0.351709 -0.102881 9.249707 
 0.351709 -0.102881 9.249707 
 0.348120 -0.122021 9.252100 
 0.348120 -0.122021 9.252100 
 0.356494 -0.107666 9.260473 
 0.356494 -0.107666 9.260473 
 0.343335 -0.117236 9.256885 
 0.343335 -0.117236 9.256885 
 0.344531 -0.118433 9.256885 
 0.344531 -0.118433 9.256885 
 0.356494 -0.107666 9.244922 
 0.356494 -0.107666 9.244922 
 0.354102 -0.114844 9.229370 
 0.354102 -0.114844 9.229370 
 0.343335 -0.110059 9.240137 
 0.343335 -0.110059 9.240137 
 0.352905 -0.118433 9.244922 
 0.352905 -0.118433 9.244922 
 0.349316 -0.119629 9.248510 
 0.349316 -0.119629 9.248510 
 0.360083 -0.105273 9.236547 
 0.360083 -0.105273 9.236547 
 0.355298 -0.105273 9.216211 
 0.355298 -0.105273 9.216211 
 0.351709 -0.104077 9.218603 
 0.351709 -0.104077 9.218603 
 0.351709 -0.113647 9.241333 
 0.351709 -0.113647 9.241333 
 0.358887 -0.107666 9.266455 
 0.358887 -0.107666 9.266455 
 0.357690 -0.108862 9.231763 
 0.357690 -0.108862 9.231763 
 0.345728 -0.123218 9.224585 
 0.345728 -0.123218 9.224585 
 0.345728 -0.129199 9.228174 
 0.345728 -0.129199 9.228174 
 0.350513 -0.110059 9.252100 
 0.350513 -0.110059 9.252100 
 0.370850 -0.119629 9.223389 
 0.370850 -0.119629 9.223389 
 0.348120 -0.107666 9.231763 
 0.348120 -0.107666 9.231763 
 0.362476 -0.106470 9.219800 
 0.362476 -0.106470 9.219800 
 0.360083 -0.108862 9.261670 
 0.360083 -0.108862 9.261670 
 0.336157 -0.110059 9.243726 
 0.336157 -0.110059 9.243726 
 0.346924 -0.116040 9.242529 
 0.346924 -0.116040 9.242529 
 0.326587 -0.105273 9.243726 
 0.326587 -0.105273 9.243726 
 0.357690 -0.106470 9.244922 
 0.357690 -0.106470 9.244922 
 0.351709 -0.110059 9.252100 
 0.351709 -0.110059 9.252100 
 0.355298 -0.093311 9.247314 
 0.355298 -0.093311 9.247314 
 0.322998 -0.133984 9.249707 
 0.322998 -0.133984 9.249707 
 0.350513 -0.105273 9.232959 
 0.350513 -0.105273 9.232959 
 0.360083 -0.112451 9.258081 
 0.360083 -0.112451 9.258081 
 0.350513 -0.126807 9.226977 
 0.350513 -0.126807 9.226977 
 0.370850 -0.114844 9.238940 
 0.370850 -0.114844 9.238940 
 0.350513 -0.099292 9.247314 
 0.350513 -0.099292 9.247314 
 0.354102 -0.117236 9.268847 
 0.354102 -0.117236 9.268847 
 0.357690 -0.112451 9.220996 
 0.357690 -0.112451 9.220996 
 0.355298 -0.111255 9.265259 
 0.355298 -0.111255 9.265259 
 0.350513 -0.113647 9.217407 
 0.350513 -0.113647 9.217407 
 0.360083 -0.107666 9.246119 
 0.360083 -0.107666 9.246119 
 0.352905 -0.123218 9.238940 
 0.352905 -0.123218 9.238940 
 0.351709 -0.118433 9.276026 
 0.351709 -0.118433 9.276026 
 0.373242 -0.107666 9.246119 
 0.373242 -0.107666 9.246119 
 0.361279 -0.111255 9.243726 
 0.361279 -0.111255 9.243726 
 0.346924 -0.099292 9.243726 
 0.346924 -0.099292 9.243726 
 0.364868 -0.108862 9.240137 
 0.364868 -0.108862 9.240137 
 0.350513 -0.108862 9.254492 
 0.350513 -0.108862 9.254492 
 0.336157 -0.112451 9.234156 
 0.336157 -0.112451 9.234156 
 0.354102 -0.111255 9.246119 
 0.354102 -0.111255 9.246119 
 0.350513 -0.111255 9.254492 
 0.350513 -0.111255 9.254492 
 0.354102 -0.110059 9.249707 
 0.354102 -0.110059 9.249707 
 0.343335 -0.118433 9.231763 
 0.343335 -0.118433 9.231763 
 0.345728 -0.096899 9.246119 
 0.345728 -0.096899 9.246119 
 0.356494 -0.113647 9.243726 
 0.356494 -0.113647 9.243726 
 0.358887 -0.099292 9.224585 
 0.358887 -0.099292 9.224585 
 0.340942 -0.102881 9.242529 
 0.340942 -0.102881 9.242529 
 0.332568 -0.107666 9.237744 
 0.332568 -0.107666 9.237744 
 0.364868 -0.101685 9.232959 
 0.364868 -0.101685 9.232959 
 0.357690 -0.126807 9.260473 
 0.357690 -0.126807 9.260473 
 0.366064 -0.123218 9.236547 
 0.366064 -0.123218 9.236547 
 0.381616 -0.106470 9.224585 
 0.381616 -0.106470 9.224585 
 0.364868 -0.110059 9.253296 
 0.364868 -0.110059 9.253296 
 0.364868 -0.112451 9.249707 
 0.364868 -0.112451 9.249707 
 0.360083 -0.118433 9.249707 
 0.360083 -0.118433 9.249707 
 0.348120 -0.119629 9.252100 
 0.348120 -0.119629 9.252100 
 0.360083 -0.122021 9.220996 
 0.360083 -0.122021 9.220996 
 0.356494 -0.101685 9.226977 
 0.356494 -0.101685 9.226977 
 0.357690 -0.108862 9.248510 
 0.357690 -0.108862 9.248510 
 0.361279 -0.102881 9.216211 
 0.361279 -0.102881 9.216211 
 0.352905 -0.096899 9.252100 
 0.352905 -0.096899 9.252100 
 0.357690 -0.122021 9.230566 
 0.357690 -0.122021 9.230566 
 0.358887 -0.106470 9.232959 
 0.358887 -0.106470 9.232959 
 0.372046 -0.120825 9.215014 
 0.372046 -0.120825 9.215014 
 0.349316 -0.118433 9.231763 
 0.349316 -0.118433 9.231763 
 0.342139 -0.118433 9.235352 
 0.342139 -0.118433 9.235352 
 0.346924 -0.112451 9.243726 
 0.346924 -0.112451 9.243726 
 0.369653 -0.100488 9.213819 
 0.369653 -0.100488 9.213819 
 0.358887 -0.107666 9.232959 
 0.358887 -0.107666 9.232959 
 0.339746 -0.147144 9.238940 
 0.339746 -0.147144 9.238940 
 0.362476 -0.110059 9.253296 
 0.362476 -0.110059 9.253296 
 0.339746 -0.101685 9.262866 
 0.339746 -0.101685 9.262866 
 0.344531 -0.126807 9.241333 
 0.344531 -0.126807 9.241333 
 0.362476 -0.105273 9.240137 
 0.362476 -0.105273 9.240137 
 0.361279 -0.112451 9.224585 
 0.361279 -0.112451 9.224585 
 0.351709 -0.077759 9.241333 
 0.351709 -0.077759 9.241333 
 0.361279 -0.128003 9.240137 
 0.361279 -0.128003 9.240137 
 0.348120 -0.128003 9.256885 
 0.348120 -0.128003 9.256885 
 0.350513 -0.122021 9.261670 
 0.350513 -0.122021 9.261670 
 0.339746 -0.104077 9.267652 
 0.339746 -0.104077 9.267652 
 0.350513 -0.117236 9.230566 
 0.350513 -0.117236 9.230566 
 0.360083 -0.116040 9.241333 
 0.360083 -0.116040 9.241333 
 0.363672 -0.124414 9.249707 
 0.363672 -0.124414 9.249707 
 0.345728 -0.124414 9.270044 
 0.345728 -0.124414 9.270044 
 0.345728 -0.124414 9.241333 
 0.345728 -0.124414 9.241333 
 0.360083 -0.105273 9.218603 
 0.360083 -0.105273 9.218603 
 0.346924 -0.122021 9.252100 
 0.346924 -0.122021 9.252100 
 0.354102 -0.116040 9.242529 
 0.354102 -0.116040 9.242529 
 0.366064 -0.102881 9.254492 
 0.366064 -0.102881 9.254492 
 0.343335 -0.117236 9.223389 
 0.343335 -0.117236 9.223389 
 0.337354 -0.123218 9.253296 
 0.337354 -0.123218 9.253296 
 0.342139 -0.116040 9.244922 
 0.342139 -0.116040 9.244922 
 0.362476 -0.101685 9.253296 
 0.362476 -0.101685 9.253296 
 0.366064 -0.123218 9.247314 
 0.366064 -0.123218 9.247314 
 0.348120 -0.101685 9.264063 
 0.348120 -0.101685 9.264063 
 0.344531 -0.131592 9.253296 
 0.344531 -0.131592 9.253296 
 0.344531 -0.116040 9.244922 
 0.344531 -0.116040 9.244922 
 0.346924 -0.112451 9.229370 
 0.346924 -0.112451 9.229370 
 0.360083 -0.095703 9.237744 
 0.360083 -0.095703 9.237744 
 0.356494 -0.108862 9.249707 
 0.356494 -0.108862 9.249707 
 0.366064 -0.113647 9.240137 
 0.366064 -0.113647 9.240137 
 0.361279 -0.112451 9.231763 
 0.361279 -0.112451 9.231763 
 0.350513 -0.102881 9.211426 
 0.350513 -0.102881 9.211426 
 0.351709 -0.116040 9.211426 
 0.351709 -0.116040 9.211426 
 0.349316 -0.105273 9.260473 
 0.349316 -0.105273 9.260473 
 0.354102 -0.104077 9.254492 
 0.354102 -0.104077 9.254492 
 0.357690 -0.114844 9.236547 
 0.357690 -0.114844 9.236547 
 0.355298 -0.111255 9.255689 
 0.355298 -0.111255 9.255689 
 0.366064 -0.123218 9.261670 
 0.366064 -0.123218 9.261670 
 0.340942 -0.142358 9.261670 
 0.340942 -0.142358 9.261670 
 0.363672 -0.111255 9.234156 
 0.363672 -0.111255 9.234156 
 0.349316 -0.114844 9.246119 
 0.349316 -0.114844 9.246119 
 0.358887 -0.123218 9.220996 
 0.358887 -0.123218 9.220996 
 0.354102 -0.108862 9.228174 
 0.354102 -0.108862 9.228174 
 0.345728 -0.108862 9.270044 
 0.345728 -0.108862 9.270044 
 0.342139 -0.116040 9.252100 
 0.342139 -0.116040 9.252100 
 0.363672 -0.111255 9.247314 
 0.363672 -0.111255 9.247314 
 0.354102 -0.123218 9.241333 
 0.354102 -0.123218 9.241333 
 0.351709 -0.118433 9.246119 
 0.351709 -0.118433 9.246119 
 0.356494 -0.112451 9.231763 
 0.356494 -0.112451 9.231763 
 0.349316 -0.111255 9.231763 
 0.349316 -0.111255 9.231763 
 0.342139 -0.117236 9.265259 
 0.342139 -0.117236 9.265259 
 0.357690 -0.108862 9.246119 
 0.357690 -0.108862 9.246119 
 0.372046 -0.107666 9.232959 
 0.372046 -0.107666 9.232959 
 0.361279 -0.112451 9.224585 
 0.361279 -0.112451 9.224585 
 0.363672 -0.106470 9.256885 
 0.363672 -0.106470 9.256885 
 0.342139 -0.104077 9.205444 
 0.342139 -0.104077 9.205444 
 0.367261 -0.106470 9.231763 
 0.367261 -0.106470 9.231763 
 0.357690 -0.107666 9.250903 
 0.357690 -0.107666 9.250903 
 0.348120 -0.120825 9.259277 
 0.348120 -0.120825 9.259277 
 0.344531 -0.095703 9.242529 
 0.344531 -0.095703 9.242529 
 0.370850 -0.100488 9.216211 
 0.370850 -0.100488 9.216211 
 0.351709 -0.101685 9.238940 
 0.351709 -0.101685 9.238940 
 0.361279 -0.126807 9.271240 
 0.361279 -0.126807 9.271240 
 0.362476 -0.107666 9.230566 
 0.362476 -0.107666 9.230566 
 0.364868 -0.100488 9.284399 
 0.364868 -0.100488 9.284399 
 0.349316 -0.117236 9.249707 
 0.349316 -0.117236 9.249707 
 0.349316 -0.119629 9.260473 
 0.349316 -0.119629 9.260473 
 0.344531 -0.096899 9.244922 
 0.344531 -0.096899 9.244922 
 0.357690 -0.108862 9.253296 
 0.357690 -0.108862 9.253296 
 0.368457 -0.118433 9.241333 
 0.368457 -0.118433 9.241333 
 0.354102 -0.118433 9.246119 
 0.354102 -0.118433 9.246119 
 0.360083 -0.094507 9.253296 
 0.360083 -0.094507 9.253296 
 0.331372 -0.102881 9.236547 
 0.331372 -0.102881 9.236547 
 0.357690 -0.118433 9.225781 
 0.357690 -0.118433 9.225781 
 0.333765 -0.112451 9.226977 
 0.333765 -0.112451 9.226977 
 0.350513 -0.094507 9.256885 
 0.350513 -0.094507 9.256885 
 0.361279 -0.108862 9.231763 
 0.361279 -0.108862 9.231763 
 0.362476 -0.105273 9.249707 
 0.362476 -0.105273 9.249707 
 0.343335 -0.101685 9.241333 
 0.343335 -0.101685 9.241333 
 0.339746 -0.101685 9.236547 
 0.339746 -0.101685 9.236547 
 0.367261 -0.117236 9.232959 
 0.367261 -0.117236 9.232959 
 0.366064 -0.107666 9.236547 
 0.366064 -0.107666 9.236547 
 0.348120 -0.120825 9.255689 
 0.348120 -0.120825 9.255689 
 0.354102 -0.120825 9.244922 
 0.354102 -0.120825 9.244922 
 0.364868 -0.119629 9.243726 
 0.364868 -0.119629 9.243726 
 0.354102 -0.107666 9.229370 
 0.354102 -0.107666 9.229370 
 0.340942 -0.119629 9.240137 
 0.340942 -0.119629 9.240137 
 0.346924 -0.104077 9.224585 
 0.346924 -0.104077 9.224585 
 0.344531 -0.112451 9.219800 
 0.344531 -0.112451 9.219800 
 0.343335 -0.101685 9.250903 
 0.343335 -0.101685 9.250903 
 0.340942 -0.118433 9.244922 
 0.340942 -0.118433 9.244922 
 0.349316 -0.107666 9.218603 
 0.349316 -0.107666 9.218603 
 0.343335 -0.129199 9.238940 
 0.343335 -0.129199 9.238940 
 0.348120 -0.112451 9.262866 
 0.348120 -0.112451 9.262866 
 0.339746 -0.131592 9.235352 
 0.339746 -0.131592 9.235352 
 0.364868 -0.106470 9.238940 
 0.364868 -0.106470 9.238940 
 0.367261 -0.111255 9.228174 
 0.367261 -0.111255 9.228174 
 0.363672 -0.101685 9.254492 
 0.363672 -0.101685 9.254492 
 0.350513 -0.104077 9.250903 
 0.350513 -0.104077 9.250903 
 0.334961 -0.114844 9.223389 
 0.334961 -0.114844 9.223389 
 0.351709 -0.122021 9.266455 
 0.351709 -0.122021 9.266455 
 0.343335 -0.107666 9.273633 
 0.343335 -0.107666 9.273633 
 0.352905 -0.110059 9.242529 
 0.352905 -0.110059 9.242529 
 0.360083 -0.095703 9.252100 
 0.360083 -0.095703 9.252100 
 0.348120 -0.102881 9.266455 
 0.348120 -0.102881 9.266455 
 0.351709 -0.119629 9.235352 
 0.351709 -0.119629 9.235352 
 0.360083 -0.112451 9.253296 
 0.360083 -0.112451 9.253296 
 0.366064 -0.105273 9.246119 
 0.366064 -0.105273 9.246119 
 0.364868 -0.124414 9.248510 
 0.364868 -0.124414 9.248510 
 0.366064 -0.136377 9.228174 
 0.366064 -0.136377 9.228174 
 0.366064 -0.111255 9.249707 
 0.366064 -0.111255 9.249707 
 0.351709 -0.122021 9.234156 
 0.351709 -0.122021 9.234156 
 0.366064 -0.106470 9.267652 
 0.366064 -0.106470 9.267652 
 0.362476 -0.135181 9.241333 
 0.362476 -0.135181 9.241333 
 0.362476 -0.124414 9.241333 
 0.362476 -0.124414 9.241333 
 0.358887 -0.116040 9.248510 
 0.358887 -0.116040 9.248510 
 0.364868 -0.112451 9.230566 
 0.364868 -0.112451 9.230566 
 0.348120 -0.108862 9.273633 
 0.348120 -0.108862 9.273633 
 0.344531 -0.110059 9.274829 
 0.344531 -0.110059 9.274829 
 0.354102 -0.096899 9.247314 
 0.354102 -0.096899 9.247314 
 0.373242 -0.113647 9.237744 
 0.373242 -0.113647 9.237744 
 0.339746 -0.118433 9.236547 
 0.339746 -0.118433 9.236547 
 0.354102 -0.107666 9.253296 
 0.354102 -0.107666 9.253296 
 0.362476 -0.122021 9.241333 
 0.362476 -0.122021 9.241333 
 0.366064 -0.129199 9.248510 
 0.366064 -0.129199 9.248510 
 0.373242 -0.116040 9.238940 
 0.373242 -0.116040 9.238940 
 0.375635 -0.101685 9.247314 
 0.375635 -0.101685 9.247314 
 0.346924 -0.105273 9.268847 
 0.346924 -0.105273 9.268847 
 0.362476 -0.119629 9.252100 
 0.362476 -0.119629 9.252100 
 0.352905 -0.122021 9.249707 
 0.352905 -0.122021 9.249707 
 0.342139 -0.117236 9.231763 
 0.342139 -0.117236 9.231763 
 0.340942 -0.118433 9.252100 
 0.340942 -0.118433 9.252100 
 0.340942 -0.108862 9.249707 
 0.340942 -0.108862 9.249707 
 0.355298 -0.113647 9.215014 
 0.355298 -0.113647 9.215014 
 0.349316 -0.112451 9.247314 
 0.349316 -0.112451 9.247314 
 0.348120 -0.096899 9.248510 
 0.348120 -0.096899 9.248510 
 0.336157 -0.123218 9.223389 
 0.336157 -0.123218 9.223389 
 0.373242 -0.117236 9.209033 
 0.373242 -0.117236 9.209033 
 0.358887 -0.107666 9.237744 
 0.358887 -0.107666 9.237744 
 0.368457 -0.108862 9.247314 
 0.368457 -0.108862 9.247314 
 0.346924 -0.100488 9.225781 
 0.346924 -0.100488 9.225781 
 0.362476 -0.096899 9.254492 
 0.362476 -0.096899 9.254492 
 0.352905 -0.124414 9.236547 
 0.352905 -0.124414 9.236547 
 0.331372 -0.098096 9.258081 
 0.331372 -0.098096 9.258081 
 0.345728 -0.117236 9.240137 
 0.345728 -0.117236 9.240137 
 0.354102 -0.107666 9.235352 
 0.354102 -0.107666 9.235352 
 0.362476 -0.116040 9.237744 
 0.362476 -0.116040 9.237744 
 0.355298 -0.120825 9.242529 
 0.355298 -0.120825 9.242529 
 0.386401 -0.113647 9.230566 
 0.386401 -0.113647 9.230566 
 0.361279 -0.126807 9.241333 
 0.361279 -0.126807 9.241333 
 0.354102 -0.090918 9.241333 
 0.354102 -0.090918 9.241333 
 0.369653 -0.120825 9.234156 
 0.369653 -0.120825 9.234156 
 0.355298 -0.119629 9.219800 
 0.355298 -0.119629 9.219800 
 0.357690 -0.116040 9.243726 
 0.357690 -0.116040 9.243726 
 0.344531 -0.095703 9.271240 
 0.344531 -0.095703 9.271240 
 0.361279 -0.107666 9.252100 
 0.361279 -0.107666 9.252100 
 0.368457 -0.110059 9.264063 
 0.368457 -0.110059 9.264063 
 0.345728 -0.107666 9.253296 
 0.345728 -0.107666 9.253296 
 0.374438 -0.122021 9.259277 
 0.374438 -0.122021 9.259277 
 0.354102 -0.107666 9.278418 
 0.354102 -0.107666 9.278418 
 0.350513 -0.113647 9.253296 
 0.350513 -0.113647 9.253296 
 0.348120 -0.113647 9.265259 
 0.348120 -0.113647 9.265259 
 0.363672 -0.101685 9.258081 
 0.363672 -0.101685 9.258081 
 0.360083 -0.093311 9.242529 
 0.360083 -0.093311 9.242529 
 0.350513 -0.116040 9.261670 
 0.350513 -0.116040 9.261670 
 0.349316 -0.108862 9.234156 
 0.349316 -0.108862 9.234156 
 0.361279 -0.111255 9.228174 
 0.361279 -0.111255 9.228174 
 0.358887 -0.114844 9.238940 
 0.358887 -0.114844 9.238940 
 0.356494 -0.095703 9.211426 
 0.356494 -0.095703 9.211426 
 0.363672 -0.106470 9.225781 
 0.363672 -0.106470 9.225781 
 0.348120 -0.101685 9.237744 
 0.348120 -0.101685 9.237744 
 0.350513 -0.128003 9.261670 
 0.350513 -0.128003 9.261670 
 0.352905 -0.110059 9.229370 
 0.352905 -0.110059 9.229370 
 0.356494 -0.120825 9.248510 
 0.356494 -0.120825 9.248510 
 0.358887 -0.114844 9.235352 
 0.358887 -0.114844 9.235352 
 0.369653 -0.105273 9.211426 
 0.369653 -0.105273 9.211426 
 0.362476 -0.108862 9.229370 
 0.362476 -0.108862 9.229370 
 0.344531 -0.107666 9.259277 
 0.344531 -0.107666 9.259277 
 0.373242 -0.099292 9.264063 
 0.373242 -0.099292 9.264063 
 0.344531 -0.096899 9.231763 
 0.344531 -0.096899 9.231763 
 0.350513 -0.105273 9.228174 
 0.350513 -0.105273 9.228174 
 0.362476 -0.126807 9.250903 
 0.362476 -0.126807 9.250903 
 0.337354 -0.118433 9.246119 
 0.337354 -0.118433 9.246119 
 0.342139 -0.113647 9.226977 
 0.342139 -0.113647 9.226977 
 0.358887 -0.104077 9.246119 
 0.358887 -0.104077 9.246119 
 0.352905 -0.122021 9.237744 
 0.352905 -0.122021 9.237744 
 0.356494 -0.089722 9.228174 
 0.356494 -0.089722 9.228174 
 0.334961 -0.119629 9.242529 
 0.334961 -0.119629 9.242529 
 0.370850 -0.126807 9.230566 
 0.370850 -0.126807 9.230566 
 0.361279 -0.117236 9.262866 
 0.361279 -0.117236 9.262866 
 0.360083 -0.107666 9.262866 
 0.360083 -0.107666 9.262866 
 0.343335 -0.110059 9.250903 
 0.343335 -0.110059 9.250903 
 0.351709 -0.120825 9.253296 
 0.351709 -0.120825 9.253296 
 0.360083 -0.104077 9.252100 
 0.360083 -0.104077 9.252100 
 0.360083 -0.095703 9.228174 
 0.360083 -0.095703 9.228174 
 0.360083 -0.117236 9.237744 
 0.360083 -0.117236 9.237744 
 0.344531 -0.089722 9.255689 
 0.344531 -0.089722 9.255689 
 0.346924 -0.104077 9.216211 
 0.346924 -0.104077 9.216211 
 0.358887 -0.113647 9.237744 
 0.358887 -0.113647 9.237744 
 0.349316 -0.112451 9.259277 
 0.349316 -0.112451 9.259277 
 0.364868 -0.118433 9.244922 
 0.364868 -0.118433 9.244922 
 0.362476 -0.117236 9.261670 
 0.362476 -0.117236 9.261670 
 0.366064 -0.112451 9.234156 
 0.366064 -0.112451 9.234156 
 0.358887 -0.104077 9.259277 
 0.358887 -0.104077 9.259277 
 0.358887 -0.111255 9.240137 
 0.358887 -0.111255 9.240137 
 0.364868 -0.105273 9.234156 
 0.364868 -0.105273 9.234156 
 0.360083 -0.116040 9.268847 
 0.360083 -0.116040 9.268847 
 0.330176 -0.130396 9.252100 
 0.330176 -0.130396 9.252100 
 0.360083 -0.119629 9.253296 
 0.360083 -0.119629 9.253296 
 0.367261 -0.111255 9.276026 
 0.367261 -0.111255 9.276026 
 0.366064 -0.123218 9.249707 
 0.349316 -0.119629 9.241333 
 0.349316 -0.119629 9.241333 
 0.355298 -0.114844 9.236547 
 0.355298 -0.114844 9.236547 
 0.362476 -0.096899 9.247314 
 0.362476 -0.096899 9.247314 
 0.358887 -0.113647 9.226977 
 0.358887 -0.113647 9.226977 
 0.342139 -0.111255 9.261670 
 0.342139 -0.111255 9.261670 
 0.346924 -0.117236 9.226977 
 0.346924 -0.117236 9.226977 
 0.363672 -0.113647 9.265259 
 0.363672 -0.113647 9.265259 
 0.350513 -0.106470 9.231763 
 0.350513 -0.106470 9.231763 
 0.369653 -0.120825 9.234156 
 0.369653 -0.120825 9.234156 
 0.349316 -0.126807 9.241333 
 0.349316 -0.126807 9.241333 
 0.351709 -0.123218 9.262866 
 0.351709 -0.123218 9.262866 
 0.345728 -0.124414 9.243726 
 0.345728 -0.124414 9.243726 
 0.326587 -0.119629 9.225781 
 0.326587 -0.119629 9.225781 
 0.375635 -0.108862 9.234156 
 0.375635 -0.108862 9.234156 
 0.349316 -0.120825 9.234156 
 0.349316 -0.120825 9.234156 
 0.369653 -0.106470 9.253296 
 0.369653 -0.106470 9.253296 
 0.357690 -0.112451 9.240137 
 0.357690 -0.112451 9.240137 
 0.336157 -0.120825 9.254492 
 0.336157 -0.120825 9.254492 
 0.363672 -0.113647 9.243726 
 0.363672 -0.113647 9.243726 
 0.339746 -0.117236 9.252100 
 0.339746 -0.117236 9.252100 
 0.343335 -0.099292 9.237744 
 0.343335 -0.099292 9.237744 
 0.351709 -0.099292 9.222193 
 0.351709 -0.099292 9.222193 
 0.356494 -0.122021 9.232959 
 0.356494 -0.122021 9.232959 
 0.338550 -0.113647 9.249707 
 0.338550 -0.113647 9.249707 
 0.350513 -0.122021 9.256885 
 0.350513 -0.122021 9.256885 
 0.356494 -0.108862 9.242529 
 0.356494 -0.108862 9.242529 
 0.355298 -0.124414 9.259277 
 0.355298 -0.124414 9.259277 
 0.375635 -0.106470 9.260473 
 0.375635 -0.106470 9.260473 
 0.352905 -0.093311 9.237744 
 0.352905 -0.093311 9.237744 
 0.354102 -0.119629 9.241333 
 0.354102 -0.119629 9.241333 
 0.336157 -0.106470 9.209033 
 0.336157 -0.106470 9.209033 
 0.345728 -0.135181 9.213819 
 0.345728 -0.135181 9.213819 
 0.343335 -0.117236 9.244922 
 0.343335 -0.117236 9.244922 
 0.351709 -0.100488 9.265259 
 0.351709 -0.100488 9.265259 
 0.337354 -0.111255 9.244922 
 0.337354 -0.111255 9.244922 
 0.362476 -0.141162 9.252100 
 0.362476 -0.141162 9.252100 
 0.351709 -0.105273 9.238940 
 0.351709 -0.105273 9.238940 
 0.351709 -0.104077 9.247314 
 0.351709 -0.104077 9.247314 
 0.370850 -0.117236 9.246119 
 0.370850 -0.117236 9.246119 
 0.325391 -0.090918 9.237744 
 0.325391 -0.090918 9.237744 
 0.358887 -0.131592 9.243726 
 0.358887 -0.131592 9.243726 
 0.358887 -0.100488 9.222193 
 0.358887 -0.100488 9.222193 
 0.356494 -0.123218 9.247314 
 0.356494 -0.123218 9.247314 
 0.367261 -0.122021 9.258081 
 0.367261 -0.122021 9.258081 
 0.362476 -0.110059 9.244922 
 0.362476 -0.110059 9.244922 
 0.349316 -0.108862 9.265259 
 0.349316 -0.108862 9.265259 
 0.369653 -0.120825 9.265259 
 0.369653 -0.120825 9.265259 
 0.354102 -0.098096 9.258081 
 0.354102 -0.098096 9.258081 
 0.356494 -0.113647 9.248510 
 0.356494 -0.113647 9.248510 
 0.375635 -0.098096 9.244922 
 0.375635 -0.098096 9.244922 
 0.338550 -0.128003 9.240137 
 0.338550 -0.128003 9.240137 
 0.354102 -0.116040 9.271240 
 0.354102 -0.116040 9.271240 
 0.355298 -0.113647 9.265259 
 0.355298 -0.113647 9.265259 
 0.357690 -0.136377 9.248510 
 0.357690 -0.136377 9.248510 
 0.358887 -0.113647 9.252100 
 0.358887 -0.113647 9.252100 
 0.360083 -0.116040 9.262866 
 0.360083 -0.116040 9.262866 
 0.360083 -0.111255 9.259277 
 0.360083 -0.111255 9.259277 
 0.340942 -0.126807 9.234156 
 0.340942 -0.126807 9.234156 
 0.352905 -0.119629 9.229370 
 0.352905 -0.119629 9.229370 
 0.362476 -0.116040 9.252100 
 0.362476 -0.116040 9.252100 
 0.350513 -0.106470 9.217407 
 0.350513 -0.106470 9.217407 
 0.338550 -0.125610 9.256885 
 0.338550 -0.125610 9.256885 
 0.350513 -0.117236 9.256885 
 0.350513 -0.117236 9.256885 
 0.358887 -0.099292 9.242529 
 0.358887 -0.099292 9.242529 
 0.345728 -0.132788 9.241333 
 0.345728 -0.132788 9.241333 
 0.366064 -0.106470 9.222193 
 0.366064 -0.106470 9.222193 
 0.342139 -0.101685 9.231763 
 0.342139 -0.101685 9.231763 
 0.374438 -0.108862 9.237744 
 0.374438 -0.108862 9.237744 
 0.367261 -0.107666 9.216211 
 0.367261 -0.107666 9.216211 
 0.336157 -0.128003 9.248510 
 0.336157 -0.128003 9.248510 
 0.374438 -0.071777 9.240137 
 0.374438 -0.071777 9.240137 
 0.339746 -0.114844 9.254492 
 0.339746 -0.114844 9.254492 
 0.357690 -0.111255 9.243726 
 0.357690 -0.111255 9.243726 
 0.338550 -0.120825 9.246119 
 0.338550 -0.120825 9.246119 
 0.370850 -0.125610 9.267652 
 0.370850 -0.125610 9.267652 
 0.339746 -0.094507 9.225781 
 0.339746 -0.094507 9.225781 
 0.354102 -0.130396 9.223389 
 0.354102 -0.130396 9.223389 
 0.386401 -0.076563 9.219800 
 0.386401 -0.076563 9.219800 
 0.343335 -0.135181 9.238940 
 0.343335 -0.135181 9.238940 
 0.344531 -0.105273 9.219800 
 0.344531 -0.105273 9.219800 
 0.340942 -0.124414 9.254492 
 0.340942 -0.124414 9.254492 
 0.354102 -0.124414 9.240137 
 0.354102 -0.124414 9.240137 
 0.357690 -0.112451 9.242529 
 0.357690 -0.112451 9.242529 
 0.363672 -0.129199 9.256885 
 0.363672 -0.129199 9.256885 
 0.360083 -0.083740 9.229370 
 0.360083 -0.083740 9.229370 
 0.361279 -0.124414 9.238940 
 0.361279 -0.124414 9.238940 
 0.358887 -0.107666 9.253296 
 0.358887 -0.107666 9.253296 
 0.363672 -0.122021 9.252100 
 0.363672 -0.122021 9.252100 
 0.357690 -0.090918 9.223389 
 0.357690 -0.090918 9.223389 
 0.355298 -0.095703 9.279614 
 0.355298 -0.095703 9.279614 
 0.366064 -0.110059 9.267652 
 0.366064 -0.110059 9.267652 
 0.348120 -0.102881 9.225781 
 0.348120 -0.102881 9.225781 
 0.360083 -0.101685 9.228174 
 0.360083 -0.101685 9.228174 
 0.349316 -0.108862 9.230566 
 0.349316 -0.108862 9.230566 
 0.352905 -0.108862 9.222193 
 0.352905 -0.108862 9.222193 
 0.358887 -0.120825 9.235352 
 0.358887 -0.120825 9.235352 
 0.369653 -0.105273 9.244922 
 0.369653 -0.105273 9.244922 
 0.339746 -0.116040 9.240137 
 0.339746 -0.116040 9.240137 
 0.368457 -0.094507 9.228174 
 0.368457 -0.094507 9.228174 
 0.360083 -0.130396 9.250903 
 0.360083 -0.130396 9.250903 
 0.374438 -0.123218 9.236547 
 0.374438 -0.123218 9.236547 
 0.348120 -0.122021 9.255689 
 0.348120 -0.122021 9.255689 
 0.367261 -0.126807 9.248510 
 0.367261 -0.126807 9.248510 
 0.351709 -0.092114 9.243726 
 0.351709 -0.092114 9.243726 
 0.373242 -0.120825 9.250903 
 0.373242 -0.120825 9.250903 
 0.363672 -0.100488 9.266455 
 0.363672 -0.100488 9.266455 
 0.343335 -0.147144 9.252100 
 0.343335 -0.147144 9.252100 
 0.370850 -0.096899 9.260473 
 0.370850 -0.096899 9.260473 
 0.343335 -0.128003 9.238940 
 0.343335 -0.128003 9.238940 
 0.354102 -0.090918 9.258081 
 0.354102 -0.090918 9.258081 
 0.366064 -0.104077 9.255689 
 0.366064 -0.104077 9.255689 
 0.357690 -0.112451 9.234156 
 0.357690 -0.112451 9.234156 
 0.346924 -0.095703 9.242529 
 0.346924 -0.095703 9.242529 
 0.342139 -0.131592 9.249707 
 0.342139 -0.131592 9.249707 
 0.343335 -0.128003 9.235352 
 0.343335 -0.128003 9.235352 
 0.348120 -0.111255 9.252100 
 0.348120 -0.111255 9.252100 
 0.369653 -0.106470 9.247314 
 0.369653 -0.106470 9.247314 
 0.376831 -0.118433 9.241333 
 0.376831 -0.118433 9.241333 
 0.363672 -0.119629 9.247314 
 0.363672 -0.119629 9.247314 
 0.348120 -0.106470 9.237744 